4 30 45 45 15
3 1 60 2 90 3 15
6 10 15 13 18 25 33
4 1 30 2 15 2 45 1 60
1 56
6 4 127 5 198 5 240 5 108 3 126 4 92
5 21 6 4 54 12
3 3 177 1 237 2 35
7 23 19 16 11 15 47 55
5 4 103 4 83 4 207 5 139 1 136
5 32 33 3 52 28
2 2 177 2 132
3 48 22 21
6 4 6 5 33 5 172 3 149 5 100 2 135
7 30 58 24 25 12 27 24
7 2 155 1 65 2 33 3 198 5 177 3 13 3 165
3 8 32 11
5 3 220 5 156 4 11 5 99 5 126
1 7
8 3 64 3 103 2 222 5 22 3 97 3 214 3 101 5 86
2 25 42
3 4 25 2 221 1 232
3 48 17 38
1 5 235
8 57 30 55 8 46 45 18 13
8 3 143 5 42 1 160 3 40 2 48 2 190 4 90 3 102
2 45 55
8 1 184 2 88 4 86 5 162 2 139 5 40 1 193 5 89
4 4 7 14 41
4 2 123 3 6 1 138 1 30
6 45 22 58 20 50 29
3 3 12 4 34 5 205
8 12 40 56 11 49 43 40 36
3 5 230 2 217 5 164
2 3 5
5 1 79 2 48 1 191 4 105 4 4
5 43 8 26 13 8
7 2 1 1 193 2 189 4 2 5 99 5 23 5 81
2 17 16
1 1 235
2 10 3
2 5 117 3 185
1 38
1 4 85
6 18 15 51 43 59 3
3 2 106 4 109 2 133
5 24 38 28 43 44
5 3 211 2 153 3 16 5 234 3 41
4 19 50 15 20
5 2 140 5 116 2 111 3 92 2 211
3 48 20 57
7 2 149 4 129 3 107 3 36 1 238 1 131 5 83
1 37
5 5 161 5 117 2 83 2 190 1 15
5 34 35 38 28 6
8 4 66 1 36 5 171 1 25 4 138 3 180 2 63 3 42
6 19 31 3 55 6 38
4 3 68 3 112 5 113 5 49
7 38 35 4 42 37 39 51
8 4 209 1 211 3 142 4 20 5 193 2 129 2 51 2 92
8 30 15 52 38 29 21 48 60
5 1 135 2 156 5 195 4 136 3 219
5 60 22 34 16 56
4 2 6 1 219 3 108 5 69
1 11
2 5 129 3 190
4 28 33 10 37
4 1 206 1 133 2 88 3 23
7 24 48 17 18 17 42 11
5 1 192 2 130 4 121 2 142 2 191
6 31 14 57 31 14 27
3 3 56 4 67 2 77
7 25 1 24 18 8 56 51
3 2 105 5 58 1 70
8 24 16 33 55 22 19 27 13
1 3 196
1 15
3 3 22 3 112 2 89
2 28 34
4 1 207 2 18 3 234 3 82
3 51 13 48
8 3 31 3 54 1 137 2 119 3 105 3 125 3 106 1 200
2 43 24
3 4 139 5 160 5 236
4 56 28 5 43
3 2 125 5 118 4 192
1 18
6 1 240 1 180 1 140 5 80 3 17 3 111
6 58 60 49 22 5 24
2 2 127 3 24
8 48 35 26 3 38 41 52 29
1 5 40
3 39 58 4
1 1 134
2 45 28
6 5 162 5 155 5 52 3 153 5 211 4 81
7 5 26 18 30 46 8 2
6 4 178 4 228 1 74 2 192 4 182 3 92
8 38 59 22 5 47 28 57 31
6 1 119 1 100 5 22 3 56 2 51 5 101
1 12
2 5 189 2 75
3 38 4 39
2 2 159 3 218
1 29
3 5 155 1 83 2 24
5 53 56 39 53 19
5 3 144 1 110 5 87 3 121 3 85
5 2 8 46 23 22
3 1 76 1 179 5 113
2 35 3
6 5 15 1 236 3 106 5 109 4 205 5 233
8 8 27 7 42 41 49 26 5
3 4 51 5 68 2 183
6 10 11 52 45 43 46
2 1 188 3 206
6 40 14 24 29 30 42
1 4 82
3 21 53 41
1 3 164
8 54 23 5 21 8 49 52 24
2 2 147 2 117
8 57 56 3 7 12 20 7 16
1 5 4
6 1 12 26 21 51 6
4 4 79 5 136 5 230 5 233
6 3 22 39 1 14 27
5 2 18 2 38 1 22 3 111 5 232
4 39 36 42 8
4 5 30 3 98 3 124 1 139
1 40
8 4 150 5 148 5 24 5 212 1 116 2 231 1 86 1 205
6 33 50 7 43 60 19
4 2 127 2 190 5 171 1 181
5 20 40 9 30 37
4 5 4 4 163 5 86 5 74
6 38 27 44 38 3 26
6 3 110 4 179 2 93 2 163 3 18 1 143
3 25 57 54
8 4 43 2 205 4 82 2 19 4 220 1 56 2 203 5 131
5 4 2 25 39 17
7 3 189 5 60 1 232 4 75 4 207 2 64 2 224
1 36
7 2 222 3 222 5 107 1 139 2 90 5 223 1 217
3 58 60 35
8 3 108 5 214 2 171 5 31 2 5 1 12 1 155 3 40
8 28 8 10 35 60 60 8 14
5 1 217 3 240 3 120 4 6 2 203
2 40 22
8 5 139 4 108 2 61 5 67 1 52 2 230 5 239 1 34
7 15 15 5 36 27 27 12
7 2 64 4 202 5 40 1 102 4 118 1 154 4 160
2 31 58
7 5 68 5 193 2 122 2 228 4 228 3 146 1 159
8 46 31 58 36 44 16 29 3
4 1 222 4 63 5 102 3 111
7 17 19 6 3 4 11 57
3 2 188 2 207 4 188
4 42 16 30 7
1 1 145
3 7 16 33
1 2 61
1 17
5 2 75 2 188 2 115 5 22 4 72
1 15
1 4 174
1 53
5 4 202 4 170 2 111 2 77 3 132
8 32 11 54 1 55 22 48 34
4 1 68 2 6 5 112 5 132
2 58 41
2 1 193 3 234
1 58
3 1 8 2 216 5 214
6 49 33 50 6 22 35
8 4 169 5 81 5 117 5 68 1 28 3 233 3 128 3 81
4 59 34 11 32
7 4 80 4 230 1 163 2 53 5 91 3 62 5 9
5 11 52 50 6 20
4 5 215 1 192 5 220 2 189
4 27 50 26 10
4 1 196 4 18 5 145 3 6
1 60
3 2 166 5 51 5 154
7 37 58 60 20 23 3 55
1 3 198
6 60 42 23 6 44 30
7 4 88 5 222 5 148 4 105 5 201 2 196 1 80
2 28 52
7 1 165 1 45 4 57 5 108 3 208 2 229 5 190
2 4 25
3 3 72 4 36 2 171
3 43 18 59
3 5 38 1 204 3 217
1 54
2 3 139 3 67
8 2 57 37 32 16 13 19 20
1 4 76
2 60 49
5 2 31 3 106 2 142 2 174 4 144
3 24 52 36
5 4 5 4 66 5 162 5 78 4 179
1 25
1 5 71
1 8
2 5 208 1 82
1 24
3 4 76 3 25 1 191
5 44 44 53 8 33
7 1 205 2 78 2 15 2 109 5 7 4 29 4 5
4 14 34 15 46
5 3 63 3 7 2 97 3 185 3 46
8 28 25 59 30 20 20 1 43
1 4 94
7 32 19 2 25 36 44 10
4 5 66 1 129 5 105 3 111
3 54 31 9
4 1 3 5 221 5 63 5 129
4 25 56 3 24
6 5 217 1 103 2 134 1 183 3 6 2 96
4 30 15 37 6
4 2 41 3 80 4 88 1 88
2 57 54
1 5 6
4 30 15 35 56
2 4 2 4 161
4 1 46 40 28
6 1 185 4 222 4 203 1 151 2 40 4 223
2 45 1
2 4 185 2 17
6 21 48 25 60 31 7
7 2 183 2 201 1 22 3 199 2 6 1 69 4 233
3 19 8 8
3 3 179 3 38 3 49
5 16 2 32 51 10
3 5 204 3 139 5 107
6 7 57 7 53 48 31
4 1 70 3 16 2 162 5 20
1 16
5 5 1 3 132 2 164 3 54 1 69
4 7 15 50 51
3 1 44 2 118 5 69
1 38
1 1 113
2 16 51
3 1 19 4 167 5 11
6 10 30 33 44 21 49
1 5 180
5 54 16 36 60 44
3 3 56 3 19 3 71
2 46 38
4 1 47 1 211 4 124 4 60
4 10 38 14 50
2 4 51 1 224
8 8 25 16 8 46 60 29 32
6 2 96 5 22 2 144 5 124 5 46 3 121
5 17 21 38 27 3
3 2 129 4 105 1 1
5 43 57 23 21 20
5 5 222 1 73 1 223 3 54 4 186
3 21 8 41
4 1 1 1 16 3 19 1 100
7 30 33 55 2 45 57 56
6 1 227 4 16 4 194 5 217 3 215 3 156
3 32 49 54
3 1 95 1 204 1 214
5 39 4 14 29 58
2 3 198 2 136
4 54 5 40 29
8 4 30 1 211 1 48 4 154 5 239 4 116 5 192 2 16
2 3 59
5 2 85 4 103 4 164 5 11 3 117
6 28 1 50 57 41 45
5 1 186 1 185 5 23 2 31 5 224
7 2 6 3 5 39 25 16
2 5 31 3 5
7 20 31 5 39 39 2 51
6 1 136 2 110 3 51 1 71 5 51 5 214
3 58 16 19
4 4 80 1 167 2 234 4 112
7 30 48 50 13 58 47 43
3 4 5 5 210 3 117
6 38 46 26 1 40 33
8 3 73 1 122 5 213 2 92 2 176 3 183 3 9 5 2
4 38 26 49 27
3 3 211 2 81 4 33
3 47 6 22
8 4 202 1 216 3 128 3 214 2 62 4 169 3 150 1 181
2 57 35
7 1 189 2 212 1 173 2 32 1 225 1 1 2 95
1 23
2 4 15 4 174
8 25 16 8 9 54 42 40 2
6 3 110 3 59 2 125 5 45 2 221 3 24
2 57 39
1 4 177
1 51
3 2 84 3 65 1 153
6 48 30 5 59 19 15
6 5 159 2 178 4 2 1 92 3 157 1 37
6 27 59 6 30 55 50
2 5 121 2 172
4 19 47 50 50
2 4 183 5 220
6 9 53 14 5 43 50
2 5 21 2 177
1 58
4 1 54 2 75 3 132 1 198
4 47 30 59 13
3 1 80 3 159 4 29
7 32 30 40 57 20 14 37
1 4 197
4 57 43 12 24
6 1 124 5 114 4 111 3 69 4 223 5 223
2 5 38
8 4 74 5 71 2 54 1 120 3 108 3 188 3 222 4 47
2 55 27
6 2 110 3 162 4 156 4 84 1 138 5 228
6 58 34 46 28 27 36
2 4 144 3 18
1 46
6 5 181 4 88 4 27 5 152 2 83 3 189
5 60 5 6 17 36
5 2 27 4 149 2 230 2 104 5 15
2 47 57
1 1 104
5 58 14 19 56 31
6 3 42 5 220 3 134 2 33 3 216 2 26
4 10 33 12 58
2 5 229 1 209
6 53 60 60 3 47 53
2 5 94 5 86
2 35 14
5 1 141 3 92 3 192 4 30 2 20
8 5 2 25 42 42 31 8 28
4 4 5 1 120 3 172 5 137
8 4 58 6 53 48 13 37 52
8 1 197 3 74 3 38 5 139 4 131 5 9 3 60 2 40
2 47 36
7 1 60 1 141 4 235 2 114 3 175 4 18 4 171
6 59 11 6 23 32 9
6 3 183 3 166 3 65 2 158 3 222 1 197
2 47 51
8 3 156 4 47 4 221 4 103 5 169 1 19 4 207 1 7
6 30 25 15 12 56 20
3 2 228 2 237 2 142
8 57 42 5 59 3 1 37 9
5 1 3 1 114 1 38 1 96 3 125
1 14
5 3 158 4 230 1 75 1 103 1 235
6 49 20 8 57 39 5
1 5 224
8 12 48 60 55 22 59 17 49
2 3 57 2 63
3 50 38 55
6 5 110 5 181 2 212 2 195 4 103 4 111
2 11 25
3 1 7 5 44 1 86
8 37 2 35 1 9 43 42 5
8 4 33 5 234 4 96 1 6 2 40 3 83 5 103 1 129
1 19
5 4 17 4 129 3 187 1 54 3 210
2 45 48
3 3 34 5 18 5 240
8 47 41 29 51 23 29 32 50
6 1 106 2 38 5 11 2 53 2 61 4 180
2 17 4
6 4 82 4 22 5 112 1 113 2 47 4 117
4 14 54 31 9
1 1 187
2 1 27
6 5 139 3 184 3 155 3 142 4 203 5 78
2 16 52
5 5 36 3 133 5 184 4 125 2 190
8 50 4 23 7 47 17 50 10
8 5 100 4 99 1 54 5 81 5 14 4 75 5 44 4 179
8 20 34 60 48 25 16 37 45
2 5 39 4 77
5 54 53 27 51 50
2 3 159 1 239
8 10 30 59 50 30 51 20 59
7 3 223 3 239 1 109 2 55 1 191 1 165 1 118
7 26 26 59 52 40 47 14
2 5 167 1 102
7 60 13 38 10 39 36 53
4 1 153 2 208 2 166 2 183
5 60 46 23 6 13
5 4 179 3 113 3 225 5 136 3 206
2 27 52
1 5 22
8 58 52 7 46 38 35 32 47
7 2 58 1 148 5 221 4 181 2 134 3 231 2 29
3 13 43 52
4 5 192 1 46 1 148 1 146
3 25 10 18
3 1 53 2 71 4 150
4 16 10 55 18
2 5 142 2 110
1 23
4 1 98 3 136 3 130 3 139
2 31 51
6 2 129 1 13 3 200 3 145 4 9 5 69
2 34 56
7 4 84 2 194 2 215 3 131 3 225 2 41 4 151
5 49 34 55 32 45
6 2 148 1 132 4 197 5 182 2 33 3 197
1 8
7 1 24 4 149 5 216 1 20 4 153 5 146 1 166
2 53 36
1 3 144
2 51 60
8 3 33 2 236 2 70 5 97 5 109 1 184 3 128 4 195
1 10
1 2 3
2 28 11
1 2 215
4 25 16 50 42
6 4 129 5 35 1 218 2 38 4 147 3 131
8 44 8 10 41 50 39 25 42
4 5 168 2 151 4 110 3 192
1 1
3 5 232 1 97 5 236
1 34
5 1 6 1 108 4 48 1 47 1 85
2 8 52
3 5 144 2 99 4 61
1 10
7 1 103 3 89 5 90 4 96 1 176 4 11 3 65
1 56
2 1 168 2 71
3 31 30 7
4 1 90 1 80 1 32 1 44
7 1 19 3 11 56 50 58
5 2 46 5 188 2 225 2 29 5 68
5 34 38 36 57 11
8 3 110 3 44 4 143 5 100 1 239 2 113 2 189 4 152
7 59 11 8 10 13 18 57
5 5 73 4 211 3 10 5 228 1 102
8 28 44 19 41 50 42 7 8
8 3 190 2 201 5 171 5 223 5 93 1 191 3 1 1 161
7 48 3 32 29 60 38 39
1 1 169
8 34 21 58 35 15 43 20 4
3 4 163 3 82 5 96
3 15 55 36
6 3 47 1 108 3 217 1 191 2 196 4 75
8 22 49 30 37 35 25 29 45
7 5 44 2 133 1 219 5 183 4 137 5 4 2 128
6 15 16 4 16 49 29
6 1 65 3 145 4 2 3 133 4 39 4 149
3 28 1 14
7 2 182 5 206 2 127 1 2 5 54 3 185 1 54
2 50 51
7 3 5 4 14 1 232 4 80 1 215 5 88 1 126
7 59 17 56 59 26 42 2
4 2 74 3 215 1 108 1 88
2 52 32
4 2 23 3 166 3 149 5 37
7 49 51 8 15 3 15 53
8 3 43 4 42 1 174 3 69 2 58 1 26 2 27 2 43
5 34 40 52 48 5
8 2 103 3 215 3 185 4 203 5 53 4 209 5 218 1 176
5 30 59 29 60 50
5 4 66 5 38 5 192 4 29 1 103
8 6 51 53 40 14 53 12 17
6 5 212 5 11 2 190 3 142 2 4 1 98
2 30 17
6 5 197 3 41 5 209 2 149 4 111 3 42
4 14 1 20 16
8 3 3 2 165 5 193 2 62 2 69 1 202 3 33 3 81
7 52 18 35 48 8 6 51
1 1 124
1 30
7 3 69 5 177 4 18 2 159 5 155 3 57 4 139
2 57 13
1 4 30
5 28 26 44 16 35
3 3 223 4 31 3 18
2 9 13
5 1 195 2 65 1 228 3 117 3 38
6 20 48 16 8 35 41
4 4 186 3 131 4 94 4 128
2 11 36
6 5 102 2 195 2 151 3 157 1 52 4 238
7 32 51 12 30 51 38 8
3 2 151 4 44 5 134
4 27 57 42 18
1 1 160
3 33 13 26
4 5 27 3 173 2 2 3 217
7 38 20 12 23 60 5 51
6 3 164 4 218 4 40 1 100 5 135 3 53
5 5 32 26 60 42
8 5 237 3 123 4 89 5 46 2 173 1 137 1 128 2 239
7 29 55 21 44 57 37 18
4 4 45 2 211 1 191 5 218
1 60
4 4 165 5 152 5 127 5 83
6 29 12 12 55 8 30
3 3 132 2 47 4 166
3 59 16 32
7 3 225 2 27 4 97 2 15 2 133 3 217 5 160
1 4
1 1 43
1 19
5 2 52 5 197 4 158 1 211 4 1
5 31 54 15 7 3
8 3 229 2 50 4 139 5 125 2 186 5 40 2 163 1 37
6 56 10 56 54 35 9
6 3 126 3 130 1 138 5 37 4 105 2 148
1 38
7 5 157 1 126 4 80 4 54 5 70 1 149 5 206
4 19 16 43 41
1 4 3
1 16
2 5 4 1 33
8 25 40 31 38 38 16 21 53
8 5 222 1 176 5 129 5 126 3 169 4 70 1 1 4 77
5 11 12 27 56 12
8 5 52 5 100 1 175 1 187 2 136 2 226 2 81 1 140
4 27 1 11 33
2 3 89 3 60
6 56 43 54 37 14 52
1 5 135
5 48 38 56 15 50
5 4 74 5 232 4 100 3 133 5 166
3 36 42 45
5 3 84 2 158 1 127 2 87 3 158
4 5 36 39 8
3 2 152 2 153 3 232
5 34 9 8 10 6
5 2 217 3 152 4 197 4 159 2 145
6 5 12 28 55 59 29
6 1 5 2 213 3 74 4 190 2 191 4 225
1 36
4 5 204 2 80 5 41 2 216
2 58 9
7 5 46 4 51 4 39 1 8 3 94 5 83 4 181
3 39 26 5
8 4 142 3 90 4 168 2 96 3 142 4 178 2 127 1 237
3 2 44 22
2 5 205 1 218
2 33 29
4 1 96 3 10 2 20 2 214
1 24
7 2 166 1 2 4 42 4 230 1 83 5 176 4 75
4 24 18 59 10
8 1 163 4 192 1 15 3 84 3 140 5 155 5 192 4 142
8 56 19 26 38 37 5 14 56
4 5 127 1 228 4 131 1 81
7 14 15 36 28 30 46 5
1 4 164
8 29 31 11 25 45 20 36 54
1 5 167
4 42 7 10 40
7 1 102 5 4 4 129 2 91 5 134 1 93 2 2
8 32 2 45 44 27 48 38 57
7 5 216 3 231 3 168 1 93 4 18 2 90 2 169
4 45 53 19 45
6 3 104 5 84 4 233 1 195 3 62 4 82
6 6 37 59 4 51 50
7 3 71 3 93 2 6 5 111 3 142 4 148 4 157
4 18 9 28 40
7 1 214 2 238 1 156 1 222 3 156 2 103 3 172
5 57 57 60 16 37
5 1 6 5 229 4 60 3 145 4 237
4 43 16 23 54
8 3 107 1 151 2 14 2 214 5 131 5 59 3 164 1 158
6 18 33 18 1 8 7
7 4 24 2 39 3 71 4 182 1 50 4 76 5 3
2 36 38
5 3 55 1 120 1 100 3 86 3 176
8 12 58 28 2 49 29 37 9
3 3 209 5 189 5 103
5 22 1 31 12 21
3 2 52 1 32 3 236
5 22 46 20 40 40
7 1 62 4 145 4 239 1 121 3 101 2 145 5 13
8 39 48 9 12 10 1 45 11
5 1 88 5 54 5 138 2 146 1 200
1 6
8 5 152 2 177 3 170 2 62 5 112 2 87 1 227 4 108
5 19 18 9 56 14
3 3 104 1 91 2 44
7 39 60 8 47 22 21 10
2 5 143 5 53
8 35 45 29 9 12 54 1 9
2 4 32 3 213
5 49 5 47 15 5
5 5 196 3 197 1 86 5 40 4 68
8 21 58 9 56 43 44 42 40
3 3 124 2 173 3 218
2 45 60
8 2 48 1 7 4 212 4 63 4 30 4 177 2 42 1 47
4 51 12 32 10
7 1 94 5 101 1 188 2 207 3 24 5 99 3 229
2 47 20
3 3 138 4 188 5 156
7 51 29 4 31 31 41 53
1 4 139
1 48
2 2 40 5 5
4 17 51 3 25
2 3 165 4 149
3 15 50 48
5 1 126 4 187 5 233 2 71 2 87
2 2 58
5 5 214 4 98 4 190 3 24 5 152
6 51 51 56 5 60 23
1 5 158
3 55 33 21
2 1 150 1 77
4 11 6 21 20
8 3 171 4 4 3 45 5 77 5 87 2 203 4 1 1 227
6 9 59 3 18 37 34
5 4 160 2 132 5 122 3 125 4 194
7 14 41 27 56 37 47 16
2 5 12 5 140
5 22 32 32 23 36
2 4 197 1 109
6 5 6 32 15 46 50
1 5 190
4 16 47 57 33
2 4 111 4 3
3 36 15 49
7 1 69 4 69 5 64 4 55 1 89 2 92 3 46
7 40 36 8 32 46 48 46
3 2 113 1 28 1 17
5 40 46 41 27 27
6 5 159 5 53 3 178 2 13 4 144 5 80
1 30
6 3 17 5 222 1 9 5 229 2 45 2 220
4 31 11 20 26
6 2 8 5 1 3 82 1 86 2 142 1 238
6 35 53 40 8 21 42
4 3 86 1 175 5 164 4 237
1 31
7 4 228 4 96 3 40 2 165 2 183 4 221 4 51
6 41 44 2 13 16 14
6 3 219 5 235 2 25 1 18 3 45 4 185
5 39 33 41 35 21
3 4 65 1 114 5 159
5 35 34 53 23 28
6 2 203 3 116 1 198 2 206 3 173 5 101
2 49 10
4 1 14 1 33 3 177 5 134
1 2
2 3 209 1 220
6 23 35 1 59 24 10
5 3 161 1 80 4 125 3 179 3 231
5 52 7 29 42 36
7 1 224 4 3 3 175 5 60 5 100 4 76 2 48
5 10 46 14 46 13
1 4 167
5 55 35 45 57 51
4 5 33 3 30 2 136 3 185
3 2 38 56
3 5 198 2 194 2 181
4 39 16 8 28
2 3 104 4 58
8 50 36 59 23 38 14 36 39
7 3 194 5 109 5 80 3 154 3 40 3 57 4 67
2 23 30
4 3 14 3 192 1 188 3 88
4 13 48 6 6
1 2 148
4 11 30 58 31
1 4 164
8 57 6 26 11 13 46 21 24
3 4 89 3 109 4 44
6 42 50 40 27 18 48
6 1 19 4 210 4 238 5 208 5 16 5 9
6 27 11 31 2 30 52
3 4 106 3 98 5 134
1 33
3 1 166 2 108 4 186
5 21 3 39 19 6
7 2 105 4 129 1 21 2 8 2 1 1 205 1 196
4 49 8 49 18
3 1 42 1 9 2 142
4 33 46 16 58
4 2 193 3 78 2 169 2 46
8 3 24 26 37 27 48 22 19
4 1 47 4 194 4 144 4 86
5 15 56 26 52 12
2 1 38 4 46
7 51 49 10 11 56 54 30
6 2 122 2 110 1 116 1 102 4 94 2 180
6 48 37 55 7 26 6
1 4 41
4 33 8 14 6
7 5 81 1 14 1 49 2 94 4 151 3 224 1 124
8 23 44 14 33 7 24 6 23
2 3 22 1 172
5 3 16 49 22 32
5 1 54 2 169 5 59 2 127 4 150
6 38 36 59 25 41 16
8 4 105 4 155 4 61 1 169 2 169 1 76 1 42 4 211
8 43 50 42 21 20 9 8 53
3 2 190 3 191 4 195
3 58 3 6
4 2 167 2 51 5 47 3 32
5 35 54 22 11 9
1 1 38
4 33 25 22 41
4 4 225 2 84 4 191 4 81
2 26 25
7 1 51 4 52 2 233 2 192 5 163 5 110 5 236
3 39 37 28
2 1 145 5 84
4 18 58 39 13
8 2 23 1 208 3 108 1 93 4 42 3 13 4 238 2 189
1 10
8 1 230 2 11 3 199 4 157 1 95 2 36 1 213 5 185
6 6 1 2 7 38 9
8 2 111 1 210 4 16 4 17 2 16 2 138 4 235 3 132
3 55 32 43
2 5 124 2 28
2 53 5
8 3 197 3 8 2 69 5 172 4 90 5 74 5 214 2 102
1 46
8 1 9 1 3 3 191 1 98 4 237 4 114 4 75 2 82
6 20 42 54 32 19 56
6 2 180 1 118 3 218 2 81 1 26 5 229
3 27 36 51
7 2 161 2 128 3 205 4 137 2 190 3 182 5 176
3 16 13 59
8 2 150 5 151 5 174 1 159 1 119 5 106 2 29 2 136
5 34 47 47 31 33
6 1 182 4 231 4 111 1 172 2 35 4 64
5 36 2 59 25 14
7 5 233 2 192 4 220 2 52 1 163 4 226 5 213
3 28 22 15
8 1 38 2 46 3 209 3 203 5 138 4 102 5 37 1 132
2 53 25
5 3 78 2 175 5 108 3 97 4 5
7 25 14 47 14 52 13 28
2 2 56 5 181
7 53 26 55 8 8 36 36
8 2 21 2 82 3 164 2 204 1 44 5 107 4 220 1 30
1 26
3 1 134 4 154 5 81
4 38 24 4 39
5 2 20 4 218 5 184 3 44 1 99
5 26 56 25 16 32
6 2 80 1 205 4 137 5 28 1 167 5 100
7 4 41 50 29 38 42 17
1 2 175
7 30 36 33 11 39 40 30
3 5 190 4 162 1 223
4 4 2 34 14
4 2 136 3 75 3 109 4 142
5 13 37 55 1 52
4 4 206 3 177 1 70 1 200
7 45 57 39 53 47 29 28
2 4 235 5 62
1 16
1 5 66
6 48 50 49 52 11 41
4 4 103 2 15 4 238 5 151
6 8 45 5 32 42 57
1 1 24
4 53 18 9 10
4 2 138 4 73 3 172 2 94
2 18 53
4 2 94 4 9 3 87 4 45
7 8 4 44 52 25 32 56
3 1 46 5 110 4 226
6 20 49 18 34 23 52
1 3 32
6 31 9 51 20 60 1
2 1 165 4 195
2 37 34
5 5 26 2 100 5 190 1 98 3 31
8 16 10 42 15 9 20 10 4
6 2 181 4 6 3 123 5 127 5 232 3 35
4 39 42 25 28
4 5 51 2 113 2 177 5 33
5 11 3 9 7 48
6 1 81 3 196 1 222 3 129 3 77 3 196
5 57 50 1 25 18
4 4 211 1 48 3 13 5 142
4 18 15 13 42
7 5 86 2 129 5 175 2 130 1 72 2 16 5 112
1 26
6 4 101 3 175 5 142 3 215 3 238 1 157
5 32 41 12 42 25
7 1 147 3 183 3 187 5 179 3 71 5 160 2 103
7 59 41 40 16 27 3 23
4 3 7 4 72 2 42 4 238
1 56
7 3 80 3 58 2 44 2 179 5 205 4 142 1 56
3 59 54 44
6 4 169 3 116 5 178 1 23 1 9 5 33
3 22 7 24
2 5 34 1 155
1 9
2 2 126 5 116
2 46 34
4 2 90 1 11 2 107 3 27
8 22 41 3 37 8 43 1 47
7 1 133 2 34 5 232 3 198 4 225 4 163 1 103
5 1 9 51 36 1
7 2 232 2 10 3 56 2 168 3 186 4 105 1 111
7 7 34 27 39 51 22 57
7 2 108 2 89 3 185 3 187 5 154 2 131 1 51
6 44 1 34 6 53 3
4 4 155 1 185 4 223 5 38
4 13 20 56 4
7 1 144 5 98 2 181 1 95 3 108 2 231 1 10
1 35
7 5 133 2 159 1 223 1 61 3 27 5 59 3 176
7 29 5 47 55 16 9 39
1 5 91
8 39 29 51 34 50 12 55 60
5 5 152 2 89 1 204 1 185 1 175
4 13 53 8 48
8 2 186 5 75 1 22 3 139 4 81 3 145 1 152 5 143
1 50
1 2 29
1 19
3 1 219 3 49 1 179
7 43 31 26 14 31 25 2
7 5 69 5 118 3 51 3 219 4 191 3 51 5 141
5 6 40 9 35 24
1 5 149
2 50 21
5 4 6 4 209 2 211 3 206 1 233
5 9 14 37 22 6
3 3 13 4 64 5 13
1 30
8 5 240 4 132 3 93 2 150 3 81 3 177 5 91 1 135
4 48 43 47 29
6 5 156 2 96 3 160 2 80 1 77 4 14
4 3 14 35 58
3 3 15 1 32 1 129
2 59 19
7 1 154 5 184 4 181 1 114 5 78 3 195 2 170
7 30 32 2 30 58 38 26
8 3 34 4 132 3 220 4 218 3 174 3 195 1 173 4 27
6 30 44 19 48 18 16
3 5 130 5 207 5 110
4 54 34 57 47
3 5 22 1 6 3 74
1 5
1 2 72
1 14
2 3 109 2 86
6 8 11 53 8 24 11
7 5 54 5 236 4 152 2 155 4 168 2 26 5 198
2 13 13
5 3 117 5 206 4 36 4 206 3 84
3 47 34 23
3 4 49 4 118 1 91
4 12 3 54 26
1 3 120
2 3 25
5 3 186 1 51 1 52 5 84 4 218
1 18
3 1 149 3 96 1 175
7 13 50 46 55 5 4 29
4 5 91 4 95 4 138 2 49
4 23 13 23 6
2 4 215 1 200
5 57 3 22 41 5
5 1 193 4 36 2 157 5 237 5 84
2 19 57
5 3 9 2 137 2 78 3 158 3 162
4 18 24 14 18
2 5 32 3 155
5 43 25 46 24 34
2 2 3 1 145
6 20 13 4 60 40 21
5 3 49 3 165 2 108 4 205 5 93
6 34 39 27 51 52 53
7 3 160 4 10 1 23 4 157 3 15 1 90 5 178
5 59 41 21 54 18
5 3 40 2 182 3 207 5 101 2 226
8 57 18 5 35 27 23 5 15
7 4 28 1 66 1 50 1 30 5 190 2 64 3 78
2 48 34
5 2 195 3 71 4 22 2 187 5 94
2 55 52
1 5 1
1 8
1 5 229
2 58 44
1 4 153
8 38 30 26 55 5 53 42 30
2 4 125 5 98
2 27 47
8 4 85 1 97 5 93 4 160 1 207 4 48 5 117 1 25
2 13 41
4 3 49 1 99 2 87 4 171
5 60 32 12 35 8
8 2 153 4 80 1 222 4 59 4 105 5 45 3 219 5 125
7 16 37 33 25 40 38 40
7 5 46 5 186 5 51 4 98 2 61 4 100 2 205
5 17 55 46 56 40
4 5 111 1 183 5 93 5 101
7 15 59 19 20 30 21 53
6 2 103 2 16 5 158 4 174 2 230 2 46
6 21 2 15 4 58 48
4 2 62 5 196 3 137 3 85
8 42 5 4 38 18 54 38 24
1 1 235
5 31 30 52 22 33
7 2 157 4 186 4 153 1 76 2 136 3 17 1 160
7 12 47 24 24 51 6 8
5 3 220 3 151 3 103 4 159 1 217
5 43 7 54 14 59
1 1 212
4 17 18 8 35
8 1 21 4 101 5 217 1 82 5 236 5 150 3 76 5 163
1 42
7 3 106 1 137 1 83 4 29 5 130 1 219 2 162
3 59 26 54
1 1 201
3 22 13 24
6 2 53 3 24 4 45 5 215 4 36 1 205
2 28 53
3 5 222 4 95 4 165
8 59 21 29 40 21 31 47 44
4 3 203 3 164 5 159 1 224
3 57 3 40
8 4 130 4 154 3 59 3 148 2 163 3 74 5 2 4 52
7 17 55 38 51 3 44 43
3 4 172 5 93 2 74
6 14 57 59 11 52 14
4 2 175 5 233 3 214 3 86
1 41
3 4 111 2 31 2 97
5 2 25 58 40 28
6 3 53 4 43 3 140 5 49 5 8 3 148
5 40 52 53 3 33
2 2 67 2 54
7 39 24 8 18 23 39 2
2 4 100 5 174
6 9 14 31 28 53 7
4 3 18 2 117 1 162 3 51
2 33 11
3 3 55 5 33 5 48
1 8
4 3 72 1 113 2 140 2 113
8 24 58 24 43 55 60 17 29
4 3 91 5 151 3 133 3 61
5 32 38 36 19 4
5 3 27 5 91 4 149 2 195 1 97
5 51 56 6 44 52
6 5 238 2 160 4 221 3 48 4 223 2 205
2 53 60
5 3 105 3 16 3 3 1 185 1 232
3 34 11 29
6 2 18 4 191 3 70 1 147 2 18 2 27
1 56
7 1 82 5 31 2 30 3 190 4 141 5 86 2 190
4 26 54 31 27
1 1 204
6 17 23 31 54 22 4
4 3 142 1 130 1 101 4 34
3 33 50 20
8 3 17 2 86 1 75 1 20 5 181 3 78 5 238 1 71
4 47 7 48 28
1 5 49
8 18 17 43 16 12 53 16 44
6 5 36 4 233 3 27 3 114 4 79 3 73
6 45 38 4 46 26 15
5 4 239 2 25 5 112 2 206 2 109
7 20 38 43 15 16 19 6
1 4 88
3 47 29 5
5 2 188 5 13 2 83 1 234 2 144
6 34 34 23 20 14 45
4 5 116 3 27 2 108 1 186
4 18 15 2 30
7 3 213 1 104 3 71 4 59 2 84 2 149 5 105
1 15
3 5 117 2 60 3 72
3 40 9 39
6 1 98 4 39 2 218 4 123 1 148 4 120
6 30 42 1 38 48 58
2 3 21 1 116
6 34 32 41 59 9 56
5 1 40 2 82 2 2 4 46 2 34
3 39 57 31
2 5 177 5 23
5 54 46 18 60 15
6 1 148 5 236 3 232 5 140 5 193 4 150
1 8
8 1 84 1 119 1 46 4 172 5 126 2 82 4 47 4 103
1 37
6 5 27 3 213 5 39 4 202 1 109 3 228
6 38 3 35 13 57 35
7 2 77 4 240 5 63 3 151 5 90 4 152 5 187
1 10
8 2 48 5 114 3 152 2 161 2 143 3 153 2 187 3 125
5 29 5 14 4 13
2 5 205 2 39
5 33 59 52 44 19
6 5 213 2 67 3 201 3 71 5 223 4 33
4 31 29 29 11
6 5 93 3 6 1 30 4 157 1 189 2 19
2 49 35
8 1 235 1 185 5 68 4 14 5 54 4 38 2 142 3 67
7 10 36 15 38 40 36 42
5 4 72 3 68 4 127 2 126 5 98
7 60 48 6 14 10 14 37
3 2 198 1 87 4 218
7 60 36 3 19 32 8 8
3 5 183 3 216 2 223
6 41 44 38 18 59 29
6 5 204 1 109 5 24 3 97 5 119 4 180
6 39 60 34 54 4 5
5 4 108 1 212 4 201 1 162 4 197
8 53 32 56 17 9 21 22 46
5 5 218 4 174 3 75 5 142 2 222
2 42 31
4 4 100 1 37 1 220 4 173
2 47 30
5 3 88 4 48 3 75 4 217 2 67
8 26 57 60 20 11 13 43 37
8 4 104 1 209 5 136 3 26 4 105 4 190 4 50 4 79
8 1 51 57 50 35 3 56 10
4 3 184 4 135 2 58 1 120
5 49 27 46 16 2
5 3 37 1 59 2 78 2 10 3 151
6 45 37 7 20 12 24
2 1 46 4 25
5 55 7 1 12 60
4 4 211 2 64 1 28 4 180
1 42
8 4 146 2 24 5 77 2 40 5 22 2 207 4 71 1 134
5 17 7 52 44 60
4 5 31 1 130 1 62 4 117
3 10 60 33
8 3 187 3 221 5 33 1 63 4 17 2 133 3 182 2 193
2 45 39
5 4 203 2 227 3 215 4 215 4 4
7 37 31 28 31 1 34 25
5 3 112 2 94 4 121 2 21 4 192
8 2 35 33 1 34 24 31 6
4 4 193 4 206 3 142 4 80
5 55 59 24 34 14
2 3 176 3 70
5 46 22 59 2 40
7 1 33 1 201 2 67 1 235 3 210 2 156 2 229
4 51 60 5 39
1 1 154
7 42 13 31 13 43 48 23
6 2 91 5 34 1 187 2 197 3 157 2 201
3 15 49 35
2 3 54 4 63
4 31 27 19 6
1 3 229
1 21
1 3 79
3 38 43 46
3 3 197 1 100 2 229
2 6 21
5 5 83 4 162 5 66 3 179 5 150
5 5 16 3 10 3
3 5 222 4 28 2 218
5 56 58 21 1 11
8 2 167 1 117 2 122 1 235 1 115 3 90 1 54 3 148
1 53
8 5 130 1 81 4 173 5 75 1 175 2 239 3 39 3 196
8 2 20 38 24 34 3 51 1
7 3 136 3 62 2 215 5 128 3 14 3 27 1 66
2 29 36
6 4 2 4 120 3 206 3 141 3 214 1 54
5 29 45 54 35 3
8 2 207 1 220 3 133 3 166 3 26 4 191 3 130 2 137
2 22 24
6 3 215 2 231 3 216 1 3 3 121 1 126
2 30 19
2 4 32 2 21
2 46 24
8 5 198 3 146 2 205 5 207 3 12 1 116 3 77 1 110
5 56 39 41 11 42
4 1 232 5 196 4 62 1 69
8 32 6 9 14 6 31 37 8
4 5 113 3 190 5 83 2 17
7 17 32 2 60 28 3 2
5 3 145 4 93 5 189 5 146 3 33
5 25 29 42 59 30
3 2 86 5 207 1 139
7 5 58 51 55 54 22 33
1 4 207
1 36
1 3 102
4 59 33 2 48
8 3 28 5 10 3 203 1 51 5 28 2 224 1 100 5 36
5 4 47 4 51 33
2 1 129 5 115
6 57 41 17 29 47 51
1 5 79
8 3 28 27 4 58 26 29 31
7 3 27 5 54 5 145 3 37 2 213 5 164 3 7
6 56 57 13 7 59 35
5 3 45 5 54 2 213 2 175 3 207
5 41 23 24 9 45
5 1 44 2 201 2 108 2 180 3 224
4 46 51 22 26
2 3 46 5 19
8 33 30 20 38 2 53 46 7
1 2 20
2 8 59
3 4 18 4 191 5 147
8 53 50 24 21 7 13 39 53
7 3 124 3 53 3 43 2 110 5 85 1 64 1 132
6 48 34 31 60 14 59
5 2 191 5 96 4 101 3 132 1 149
1 30
7 1 97 2 115 3 195 1 111 3 221 5 101 5 214
3 41 12 21
3 1 19 2 185 4 98
7 51 11 57 35 25 49 28
1 2 48
5 37 58 52 50 8
8 3 237 5 180 4 210 3 189 3 164 5 97 4 132 3 153
8 48 58 18 22 22 43 43 9
5 3 235 5 124 1 145 5 76 3 78
1 37
7 3 163 2 93 5 23 1 20 4 141 4 55 1 40
5 42 44 3 56 52
6 1 77 2 18 1 37 5 149 2 132 2 94
1 39
5 4 63 1 201 4 62 3 48 4 7
3 8 4 29
2 3 200 2 104
8 42 24 41 28 3 15 30 48
5 5 110 5 209 1 11 5 136 4 11
7 49 20 35 3 3 23 23
2 4 168 1 119
3 30 32 21
6 2 228 1 23 3 144 2 132 2 99 5 226
1 9
8 3 223 2 85 1 44 2 28 3 224 3 44 3 94 2 24
6 45 16 44 14 50 54
6 2 174 1 58 2 183 5 216 3 136 4 88
8 1 51 24 16 4 20 38 40
8 3 174 1 57 5 116 3 110 5 220 2 229 5 192 1 139
5 19 18 57 2 20
7 5 24 4 35 2 64 5 114 3 5 4 47 2 149
3 16 31 5
6 5 167 3 13 1 199 4 96 5 217 1 134
8 36 55 12 59 37 2 47 23
4 1 220 5 9 3 142 5 186
1 52
5 2 55 4 72 2 152 3 184 3 1
7 31 36 48 1 50 36 15
7 2 164 2 5 4 216 2 12 3 169 5 32 2 78
1 52
2 2 45 4 206
3 49 25 45
4 4 204 5 148 4 72 1 237
6 53 13 19 52 44 60
4 3 99 4 163 2 23 1 49
4 21 25 54 3
5 4 2 5 34 2 66 4 45 1 138
1 43
2 1 52 5 136
4 60 11 48 13
5 1 114 5 59 2 21 5 39 1 71
6 52 60 27 11 22 38
4 1 199 4 42 5 152 2 98
8 36 1 16 47 47 30 47 12
6 2 117 1 104 1 2 2 99 5 96 2 163
5 55 18 22 6 35
7 3 97 2 122 4 44 2 40 2 201 1 103 5 14
3 28 58 36
3 2 224 1 30 2 84
4 26 18 56 11
2 4 138 4 174
5 26 12 43 24 35
2 3 127 5 228
5 27 40 19 54 58
4 4 208 5 191 4 15 2 158
4 50 60 4 2
2 2 222 2 54
6 6 34 16 3 6 19
5 4 150 4 112 2 52 2 156 2 218
6 34 43 23 22 27 1
8 3 66 1 115 2 107 1 109 1 90 1 20 5 207 5 116
3 31 35 55
3 1 147 1 112 4 171
8 53 7 22 59 45 48 45 4
6 3 10 2 2 4 172 4 114 4 205 1 120
6 38 47 53 54 2 53
6 3 89 5 34 4 220 5 59 3 95 4 3
3 16 5 36
7 4 34 1 217 1 6 5 206 1 105 5 226 2 69
1 43
1 5 189
2 13 42
8 4 88 1 160 3 153 1 103 5 138 1 147 4 212 5 23
3 56 9 10
2 1 150 3 111
4 34 24 22 36
7 5 208 2 51 1 146 5 16 2 118 4 122 4 166
5 14 24 57 40 26
4 4 91 5 45 4 205 5 159
4 46 46 10 31
6 3 101 3 53 1 44 5 42 5 184 2 65
7 56 34 24 23 17 32 20
7 1 206 1 112 5 177 1 103 5 74 2 101 5 94
1 15
4 3 119 2 38 3 16 3 110
1 28
2 5 17 4 145
7 29 10 57 41 15 15 30
4 3 224 5 198 4 160 3 98
5 32 33 51 41 18
7 2 169 3 177 5 4 1 200 4 109 3 94 1 118
3 35 43 2
1 2 219
7 56 8 44 19 12 5 13
7 5 91 1 138 5 218 2 41 2 231 5 238 3 148
3 9 38 26
8 3 179 2 19 4 10 1 119 1 66 3 158 4 222 1 231
7 19 19 14 36 44 42 30
1 2 37
6 47 21 59 59 2 57
7 3 105 5 139 3 236 3 72 5 176 3 130 1 195
5 35 17 2 38 20
3 1 127 3 142 2 30
6 36 4 2 57 44 41
5 2 141 4 233 2 96 5 46 3 87
5 10 26 35 49 38
6 2 136 3 69 3 25 5 188 5 147 4 147
7 22 20 40 35 1 4 8
2 1 86 4 203
4 45 8 24 47
2 1 44 4 186
1 54
8 1 224 1 239 4 128 5 132 1 57 2 196 2 168 4 208
3 28 20 29
3 2 81 1 196 5 126
6 47 36 43 32 48 28
2 5 81 3 18
3 27 22 49
4 3 74 2 151 3 23 2 25
6 17 10 25 4 49 48
7 4 59 4 90 1 91 4 186 2 56 3 163 5 218
6 38 10 23 51 4 35
1 2 215
1 40
8 2 222 4 151 3 28 5 225 1 12 4 217 1 136 1 66
6 46 57 18 56 25 28
8 2 143 3 29 1 176 1 122 4 74 5 45 2 102 3 35
8 15 29 51 41 49 31 49 29
8 3 224 2 91 2 142 2 19 1 170 5 236 5 139 1 38
8 42 49 41 34 10 46 40 2
5 5 169 4 111 5 152 5 136 2 223
8 28 13 58 50 11 22 16 59
4 3 25 2 230 4 232 2 34
5 56 22 52 31 23
5 4 67 5 235 5 7 4 147 1 63
3 20 29 51
1 3 114
4 41 13 1 35
2 5 240 5 230
4 34 12 43 23
8 1 39 5 23 4 56 4 77 1 193 2 47 3 78 5 121
6 60 31 59 28 48 54
5 4 17 4 116 3 76 2 228 5 109
6 55 2 25 23 3 35
3 5 69 2 20 5 134
8 41 54 18 4 17 53 46 21
5 2 1 2 186 2 108 2 149 2 86
4 41 38 57 27
1 1 101
4 28 35 15 58
3 3 56 2 130 2 238
2 18 29
4 5 119 2 199 2 42 1 54
2 28 42
3 3 96 1 167 4 103
6 31 43 38 51 11 35
8 5 64 4 10 5 15 4 26 2 237 2 114 3 22 3 210
3 10 55 45
3 3 166 1 164 2 2
3 26 41 50
3 3 74 1 202 5 224
4 41 58 23 21
5 4 29 2 217 2 145 1 140 3 113
5 50 59 3 28 24
5 1 62 2 89 4 162 3 182 2 123
7 55 33 40 34 25 58 41
6 2 101 5 42 4 122 4 159 1 235 4 211
4 56 8 33 51
6 2 113 4 170 3 123 5 194 4 143 4 37
2 34 5
5 4 14 2 20 5 157 1 235 4 67
7 38 56 59 44 55 10 31
4 4 20 5 190 2 125 5 169
3 20 49 34
7 3 175 5 40 1 132 3 138 3 10 5 182 3 161
7 25 21 41 13 54 13 1
2 2 231 4 67
5 46 49 17 51 50
6 1 30 2 207 4 32 5 64 3 57 3 142
7 12 2 29 27 45 47 3
2 2 160 5 162
7 32 52 20 11 22 44 55
2 4 131 5 181
1 11
4 5 64 4 189 3 110 5 115
7 16 18 22 27 6 8 8
1 5 170
8 2 24 11 9 27 42 51 3
5 3 114 3 12 5 62 3 125 1 28
1 18
3 1 142 1 1 3 77
7 7 46 46 53 54 48 13
6 1 95 4 139 5 121 5 73 2 29 3 82
6 4 9 39 2 38 29
1 1 106
8 37 57 40 31 25 19 48 52
2 4 71 3 136
5 19 19 38 5 17
1 4 176
7 42 32 22 43 9 48 39
5 4 184 4 22 3 111 5 218 2 19
7 51 1 46 42 47 59 56
8 5 171 5 178 1 232 4 235 5 187 4 8 2 109 4 183
3 41 58 1
6 4 214 2 232 5 211 1 11 1 113 1 133
7 27 11 49 57 24 53 50
3 4 111 1 113 2 11
3 37 19 31
6 2 228 1 113 5 1 2 86 2 37 4 188
5 1 26 4 48 21
4 2 14 2 97 1 34 5 226
1 52
8 2 28 1 70 2 105 4 192 2 134 3 229 5 157 5 7
3 46 50 24
4 1 169 2 4 4 56 1 165
4 54 54 60 48
3 4 62 5 161 2 111
7 24 57 60 39 51 18 24
3 1 105 2 64 1 85
1 27
2 2 27 5 70
7 31 22 24 42 3 29 4
6 1 150 2 128 4 221 3 217 2 148 5 90
8 48 45 15 37 43 23 16 5
5 3 85 4 89 2 240 3 4 5 193
5 25 1 57 48 11
2 5 25 3 165
1 12
2 2 17 1 50
7 40 5 46 14 40 23 36
8 3 97 2 65 5 37 1 70 3 234 3 238 4 196 4 2
5 56 57 5 14 11
8 1 68 1 70 5 134 1 215 2 44 1 62 2 28 2 122
5 51 16 59 52 60
1 1 106
3 32 44 6
1 1 94
2 7 13
5 5 189 4 234 2 171 2 63 5 214
1 28
8 3 50 5 193 1 156 1 5 3 17 2 190 5 187 1 177
1 58
4 1 178 4 161 1 70 3 24
1 51
4 1 165 2 129 1 46 5 57
3 16 45 4
4 2 190 3 63 4 76 2 106
5 33 2 40 44 16
1 3 222
7 24 26 9 20 6 24 30
6 2 38 2 35 3 220 2 89 1 57 1 23
7 34 32 37 23 57 54 22
2 4 205 4 81
8 4 5 42 44 23 3 55 14
1 1 54
4 40 17 20 22
4 2 48 1 114 4 177 1 153
8 51 15 45 54 5 50 20 6
7 5 126 4 96 2 140 1 138 1 29 2 40 2 124
4 52 12 40 58
1 5 235
4 17 54 22 41
4 4 238 3 87 1 226 1 174
5 29 31 53 6 45
5 4 62 4 2 4 148 4 238 3 199
1 33
6 3 40 5 238 1 18 3 186 3 103 5 172
1 35
6 3 85 4 146 5 220 5 195 1 154 5 146
8 37 49 31 4 46 30 54 19
7 2 43 1 164 1 234 1 206 3 63 3 154 2 155
3 11 58 51
6 5 60 1 45 2 27 4 39 2 36 2 20
5 34 27 22 43 47
1 5 118
4 43 58 33 42
2 4 212 1 139
7 41 26 15 34 25 35 20
3 3 218 2 68 5 196
1 26
2 1 151 4 101
8 14 39 6 20 9 33 23 37
8 4 175 5 167 4 12 1 198 5 140 1 45 4 71 1 24
4 31 26 20 20
4 1 27 1 80 5 84 3 128
1 27
5 4 108 1 72 1 185 3 58 5 44
7 5 60 3 54 52 57 7
7 5 9 1 206 1 117 5 207 2 115 3 42 1 129
2 47 29
3 3 230 4 192 3 190
8 37 52 45 50 42 2 51 14
3 3 25 2 93 5 144
8 30 13 60 39 7 42 22 1
4 4 76 4 154 1 120 1 56
7 32 34 56 48 3 46 2
3 5 41 2 150 5 129
4 1 58 20 25
1 2 225
4 1 28 52 15
2 2 171 3 178
6 60 48 9 8 45 44
5 5 82 4 30 1 99 1 34 4 31
1 38
5 3 188 4 105 2 230 1 21 3 96
5 32 25 54 40 25
6 3 201 3 109 3 162 4 239 1 133 1 39
7 41 1 56 24 57 59 32
4 2 233 4 87 4 160 1 211
6 6 23 5 59 5 53
1 1 159
5 21 11 54 20 30
7 1 17 2 141 1 167 4 96 4 121 2 71 2 85
3 50 8 43
4 2 216 2 94 4 62 4 111
2 53 9
3 1 68 5 122 1 28
4 28 9 34 53
5 2 63 5 206 2 73 4 134 4 56
8 39 26 46 2 3 18 43 27
3 3 135 5 112 4 191
6 4 10 25 47 44 27
3 4 162 3 82 4 164
7 32 33 30 6 31 26 49
4 4 200 4 120 4 224 5 178
1 25
4 3 108 4 119 2 5 1 113
6 54 33 1 22 57 30
4 3 199 1 107 5 203 1 158
1 2
4 4 130 2 106 1 79 3 162
4 24 30 33 50
5 4 53 4 139 2 71 1 126 4 177
4 20 45 51 23
8 4 8 5 128 4 40 4 67 3 109 3 85 2 150 3 149
8 33 3 39 15 45 29 51 10
1 2 177
4 14 29 9 42
5 4 117 5 67 5 62 3 109 2 111
6 13 13 46 11 11 35
1 2 64
8 6 6 46 24 39 40 7 28
5 2 167 1 228 3 104 2 234 3 168
5 47 44 43 5 8
3 4 66 4 75 4 1
6 24 24 21 19 41 3
5 5 47 5 206 3 62 2 113 1 20
6 46 35 49 51 60 30
6 1 85 2 14 5 213 4 146 4 114 4 209
7 32 43 4 35 55 31 56
6 3 120 2 232 3 101 3 60 1 202 1 118
2 32 43
7 3 86 4 35 2 144 2 202 1 35 5 212 4 201
1 6
5 4 240 2 122 2 224 3 134 2 157
3 41 26 49
7 1 42 5 9 1 15 3 67 2 9 5 24 2 19
3 53 59 38
6 2 85 1 25 4 134 1 195 3 63 5 4
5 47 25 53 43 21
1 1 110
5 11 35 18 1 26
1 2 229
8 19 56 14 52 51 54 7 40
1 4 7
6 55 50 2 49 42 7
4 4 234 1 124 1 135 3 24
7 27 48 5 35 2 33 2
5 1 141 5 113 1 87 3 46 5 159
5 45 44 5 45 16
4 2 10 5 57 4 7 1 144
5 22 59 30 6 31
8 3 5 2 54 5 24 1 113 5 75 2 157 4 185 2 64
6 12 26 18 18 52 19
4 2 70 4 108 4 156 1 198
4 42 15 4 16
1 2 156
8 18 11 1 51 48 10 15 16
6 4 223 4 20 5 89 4 110 5 191 2 104
8 7 54 35 10 56 45 18 23
3 4 22 4 45 3 74
5 44 20 25 35 12
5 1 238 4 232 3 191 3 112 3 230
3 50 21 57
7 1 160 4 10 4 68 2 149 3 159 4 19 1 86
6 37 9 35 58 52 40
1 1 24
4 28 25 33 45
8 3 234 1 224 5 142 2 34 5 97 4 17 2 18 4 211
4 17 41 9 12
3 3 210 2 190 2 68
8 12 38 6 31 41 3 28 57
5 3 105 5 75 1 153 1 68 2 227
1 4
5 3 32 3 218 1 189 2 176 3 174
2 46 37
7 2 100 5 203 2 221 1 139 3 152 3 35 4 34
4 29 50 12 57
5 1 46 4 119 4 218 2 51 1 5
4 26 42 43 35
8 2 21 4 33 3 191 2 176 1 124 5 148 1 110 4 67
5 23 30 51 17 46
2 2 143 1 197
7 55 17 25 23 57 14 49
6 2 119 4 68 2 71 5 37 1 122 2 118
7 15 52 17 12 33 49 19
6 1 209 1 64 5 186 1 215 4 44 3 228
1 43
7 2 92 2 142 2 176 2 43 1 62 5 33 1 196
3 45 22 51
8 5 172 5 151 2 99 1 102 1 215 2 77 5 227 4 79
5 9 25 44 27 4
5 3 68 2 81 1 133 2 237 3 12
3 47 17 26
3 1 232 5 119 2 111
1 31
6 5 89 5 189 1 136 5 175 1 160 4 187
2 3 49
3 1 157 4 143 5 76
3 59 47 56
7 5 110 4 185 1 231 4 131 5 215 1 201 4 70
5 13 15 30 59 20
1 2 2
2 54 17
6 3 170 3 167 4 51 4 159 2 1 4 213
5 31 46 36 58 45
1 4 69
5 49 57 60 5 24
3 2 100 1 34 5 56
1 18
8 4 4 1 135 2 202 1 190 4 183 1 11 1 104 1 158
5 32 26 58 16 42
6 1 125 1 237 3 63 3 81 5 213 4 158
6 17 14 5 42 59 7
4 2 145 5 94 3 71 2 180
5 48 25 7 5 56
3 4 180 5 108 3 39
2 46 30
4 2 187 3 131 5 148 5 75
3 48 32 33
1 3 238
7 15 40 16 42 59 10 46
6 2 12 2 226 3 181 1 80 2 45 5 161
7 17 47 41 60 5 13 58
5 2 55 2 17 2 79 2 68 5 60
4 16 55 59 9
4 2 226 1 82 1 7 3 1
6 20 38 49 39 28 34
1 2 55
3 17 58 38
6 2 124 2 102 5 184 2 162 4 63 2 54
3 43 33 41
8 4 172 1 238 3 116 4 80 5 182 2 188 1 66 5 29
1 51
5 2 18 5 167 3 199 5 80 2 166
2 13 14
6 1 224 5 172 4 228 3 178 5 150 1 152
6 5 9 45 37 8 48
5 5 137 2 202 4 40 3 238 4 24
2 6 47
6 2 95 1 240 5 240 5 80 3 86 4 39
8 58 60 49 1 42 46 32 3
7 2 231 4 3 5 173 1 4 2 111 2 193 4 87
5 50 10 41 13 20
3 5 141 4 77 4 219
4 48 22 7 33
5 1 31 4 141 1 109 1 133 4 20
2 19 14
3 4 10 5 76 5 39
6 56 48 8 42 38 25
4 5 102 1 31 2 49 1 25
7 60 20 46 35 15 17 32
4 2 201 3 145 3 199 1 238
1 48
5 2 195 1 68 3 129 1 108 1 87
6 43 58 42 4 5 36
2 2 170 2 226
5 7 46 22 3 45
6 1 41 5 191 1 16 3 61 4 175 4 168
5 31 11 54 14 29
8 1 186 4 97 4 130 1 166 4 80 5 3 5 61 2 128
2 45 12
3 4 171 4 135 4 237
7 51 42 60 51 36 54 8
2 1 1 2 37
4 50 52 38 24
1 3 31
1 28
7 5 113 3 138 3 70 1 78 2 140 2 79 5 34
8 18 37 30 45 24 56 34 11
3 3 70 3 225 5 17
7 15 20 3 51 49 59 56
2 5 109 5 139
7 42 51 19 23 43 25 17
3 3 26 2 24 4 34
5 18 3 43 56 27
5 3 166 4 112 2 198 2 189 4 238
4 59 30 52 3
2 1 26 5 219
7 40 44 14 8 14 38 53
1 4 227
5 22 30 15 6 2
4 4 178 4 130 2 200 2 73
3 43 24 16
4 2 195 1 232 3 198 2 196
1 7
7 5 20 3 149 3 130 2 101 1 180 3 13 2 233
5 14 22 59 33 27
4 5 142 1 139 4 126 5 142
6 35 48 18 53 45 54
2 1 146 4 69
5 16 34 37 6 26
7 4 168 1 211 3 165 3 93 4 209 5 226 2 41
4 23 11 47 35
5 4 70 5 224 3 97 1 139 4 208
8 34 34 43 55 46 18 9 52
1 5 143
4 36 30 11 9
4 1 127 1 199 1 206 2 32
4 20 17 23 4
6 2 191 3 227 3 13 5 24 3 46 1 135
1 16
4 5 164 3 118 3 52 3 29
5 15 29 47 37 36
8 4 111 5 54 4 3 1 213 1 73 1 163 4 81 5 130
5 41 54 46 34 16
1 3 118
7 52 42 17 11 6 18 20
2 1 190 2 75
6 38 43 26 51 26 44
4 5 16 3 105 3 61 4 64
6 3 33 8 32 26 23
8 5 36 4 24 3 224 2 146 1 193 1 102 4 93 4 136
1 59
7 1 194 2 127 4 185 3 126 2 76 4 62 3 14
7 10 11 58 52 4 60 10
2 1 176 2 83
5 33 29 9 55 11
3 2 239 3 71 4 91
6 9 29 11 47 40 27
2 4 163 3 101
4 5 22 51 40
3 2 87 3 146 4 148
4 9 57 23 39
1 4 207
4 5 60 58 45
1 2 95
8 16 6 19 6 18 48 35 30
6 1 239 4 94 1 55 2 211 4 181 1 93
2 17 33
5 5 178 2 79 4 115 3 10 5 6
2 4 41
2 5 32 3 54
7 15 51 49 42 24 46 25
5 1 216 1 124 1 3 3 14 1 188
4 25 37 31 42
4 4 61 5 94 3 68 4 199
7 24 6 23 33 29 23 51
8 1 147 3 25 4 137 5 178 4 166 3 21 3 77 1 128
7 27 8 56 35 55 29 26
5 3 162 4 94 1 97 1 166 4 214
4 30 44 44 53
4 3 38 5 174 1 79 2 43
7 3 14 8 24 18 22 30
7 3 71 4 147 4 145 2 222 5 80 4 47 5 86
3 32 57 42
3 2 209 5 13 4 84
7 58 3 7 2 56 32 39
7 1 239 2 226 5 210 4 89 3 171 4 204 5 211
8 46 3 9 49 44 41 1 9
3 3 187 2 112 1 171
8 7 28 5 56 27 20 7 52
8 3 178 5 138 1 98 1 40 5 15 1 213 4 201 5 189
7 16 57 40 6 31 18 20
2 5 216 4 185
7 42 31 18 31 41 18 35
4 1 86 1 74 2 171 2 148
8 43 7 46 46 19 6 54 1
1 1 155
7 36 52 40 28 1 13 13
7 3 46 1 223 3 44 4 223 1 150 3 43 5 103
6 48 50 58 12 1 47
4 5 167 1 93 2 110 1 186
5 29 46 42 5 40
8 1 103 2 70 5 9 5 11 1 26 4 29 4 179 2 166
8 24 2 47 26 35 40 17 53
1 1 148
8 1 37 8 50 55 55 33 52
8 1 148 4 5 5 22 1 41 1 49 1 220 4 147 4 145
3 24 26 27
2 3 237 4 231
2 27 51
2 2 188 5 103
5 7 57 8 29 19
2 5 116 4 203
5 46 50 27 49 37
3 2 163 1 220 2 92
8 45 35 50 40 41 55 21 53
1 2 74
7 25 45 28 45 19 49 54
2 2 106 5 170
4 19 3 30 14
6 5 145 3 85 5 133 4 147 1 151 4 18
3 40 32 50
6 5 39 2 31 1 64 3 33 4 160 5 217
1 10
8 3 50 3 78 4 50 4 232 3 11 3 43 4 68 2 28
4 14 35 4 26
4 1 62 3 44 1 8 5 172
3 31 16 59
5 2 19 1 104 1 23 4 180 4 141
7 44 23 35 18 8 17 37
6 2 121 1 142 4 139 3 51 2 169 4 235
1 24
2 3 79 2 135
7 8 27 52 25 1 31 12
3 4 178 5 174 2 204
4 57 2 39 30
4 1 103 4 227 2 220 4 197
6 20 59 53 39 15 38
6 1 15 1 118 5 18 2 53 1 44 3 220
4 6 33 34 18
3 4 152 2 91 4 90
5 26 3 1 51 28
4 1 90 1 54 3 115 2 218
5 24 24 15 32 34
3 4 184 1 149 4 195
8 7 17 17 6 3 7 12 17
6 2 97 2 119 5 132 3 6 4 61 5 202
5 59 24 5 34 21
5 3 227 4 62 3 106 1 95 3 29
6 20 13 4 48 30 18
1 3 238
1 51
5 1 22 3 31 2 209 4 22 3 53
6 39 19 3 34 44 9
7 4 224 4 238 2 186 2 162 4 39 2 177 3 206
1 39
3 5 59 2 136 5 208
4 32 53 53 37
3 4 234 5 122 1 99
4 12 56 46 55
6 1 60 4 133 2 36 1 85 5 207 5 42
5 51 2 18 24 20
1 4 27
7 53 1 21 60 20 26 4
7 4 195 5 39 4 128 3 60 1 123 5 138 2 9
2 1 15
2 4 232 3 205
5 21 52 24 7 45
4 1 156 5 28 3 95 5 108
8 22 6 5 39 52 29 38 2
6 2 28 1 186 5 228 2 168 2 182 4 142
1 46
2 5 7 5 35
2 1 20
8 2 142 5 228 3 148 1 47 3 195 4 50 2 130 5 34
6 26 51 7 26 56 6
5 2 42 5 30 1 67 5 69 5 7
6 19 16 15 22 21 47
3 5 182 3 5 2 195
2 52 51
7 3 207 1 238 3 18 4 27 2 177 5 45 5 6
6 46 6 57 47 53 47
7 3 207 2 176 5 212 1 23 2 23 5 188 4 188
5 31 19 14 47 15
1 3 99
6 5 8 39 6 28 40
7 2 236 3 175 2 117 4 11 1 196 2 61 2 221
4 51 23 49 12
3 4 217 3 35 3 86
4 43 35 11 16
3 4 42 1 177 2 88
1 43
2 3 217 4 21
4 11 54 20 49
4 2 71 1 122 1 215 2 141
5 44 60 15 34 40
2 2 120 2 232
1 53
2 2 230 5 2
6 26 36 5 40 60 36
3 5 144 2 62 2 86
7 57 37 7 49 34 44 44
4 1 109 3 90 4 165 3 227
2 30 13
7 3 203 5 158 4 138 3 215 2 44 4 222 3 84
7 29 1 10 50 12 12 31
7 1 84 3 130 2 197 2 174 3 109 4 92 2 88
5 7 45 54 48 47
6 5 32 4 191 4 181 3 188 5 185 3 53
2 36 51
2 2 162 2 154
5 42 28 39 46 28
5 5 165 4 137 4 164 5 126 5 66
3 31 28 11
8 4 85 2 165 2 32 1 170 2 137 2 220 1 177 5 105
1 47
5 3 179 3 208 1 125 4 237 2 175
6 43 11 47 18 18 54
8 5 54 4 204 5 198 5 116 2 157 2 173 1 174 4 9
4 35 17 19 23
7 1 57 5 232 5 118 3 16 5 189 2 188 4 93
3 57 48 50
2 2 166 1 204
6 39 50 6 33 38 51
1 2 185
5 19 3 50 35 49
2 3 90 1 62
7 11 24 9 35 52 43 21
2 1 96 4 92
8 33 25 6 1 28 44 15 16
1 4 131
4 38 9 58 27
7 2 93 1 229 2 62 2 116 4 90 5 211 4 181
6 30 31 1 6 6 40
1 1 49
6 1 39 46 12 21 34
4 1 87 3 79 2 34 5 74
2 37 52
3 5 29 1 63 5 114
6 49 34 32 58 50 53
2 4 208 1 120
3 60 45 16
8 4 151 2 131 3 133 3 192 4 143 2 27 2 148 1 52
1 54
8 4 176 1 7 1 214 4 96 2 200 5 9 4 226 5 180
8 36 28 37 35 14 15 48 34
1 2 108
3 5 52 49
2 2 65 3 53
1 48
3 3 187 5 179 3 187
3 48 24 48
6 3 227 1 208 2 52 2 12 1 191 3 197
4 42 47 25 28
5 3 226 4 70 4 153 4 193 1 39
6 53 30 59 60 6 20
2 5 196 5 104
6 46 34 44 51 54 51
1 3 185
3 5 28 25
7 4 173 3 68 4 99 2 91 2 191 2 212 1 52
7 7 45 42 50 12 5 52
7 1 92 1 160 4 138 5 125 3 185 1 227 3 68
1 17
2 2 147 1 235
6 20 21 57 48 45 49
2 2 61 2 117
2 13 50
8 1 72 2 155 5 29 2 173 3 92 5 217 3 6 5 45
1 60
6 5 55 4 5 5 117 5 232 2 227 2 96
4 54 56 1 35
1 2 228
4 6 40 45 17
1 5 88
7 48 16 13 9 10 33 60
5 3 219 2 240 5 177 3 183 4 48
5 47 34 53 33 57
7 4 239 5 214 3 15 1 80 2 75 2 26 5 81
1 14
8 3 124 5 126 3 172 4 202 1 79 4 153 4 53 2 89
7 13 4 60 36 32 23 16
5 2 219 2 145 5 145 2 206 3 205
5 19 24 13 27 17
7 1 45 1 220 3 106 4 30 2 140 1 37 1 159
5 7 34 9 32 34
2 3 157 4 19
8 15 43 32 15 10 2 14 60
4 2 58 5 99 2 108 5 97
3 55 37 60
3 1 61 3 214 2 179
6 55 7 6 26 60 8
1 2 177
4 45 27 17 36
6 4 166 3 219 2 4 2 63 4 70 4 5
4 2 7 9 42
5 3 65 3 218 5 63 5 207 4 72
2 12 24
7 4 175 5 89 3 202 5 116 5 38 2 38 4 182
5 19 2 12 34 19
4 4 97 1 191 5 153 2 67
4 14 20 33 33
7 3 213 3 124 1 31 4 216 4 54 1 240 4 163
5 42 38 32 58 20
7 4 200 3 112 3 143 1 54 1 179 5 220 1 236
7 11 3 22 41 34 9 4
1 2 127
3 10 36 22
1 3 12
2 51 27
6 3 158 4 117 1 79 4 112 2 184 4 165
8 48 47 22 22 53 50 60 20
3 4 169 3 54 1 121
3 11 40 55
4 1 212 3 131 3 135 4 228
5 47 1 32 25 33
3 2 180 1 125 2 84
3 1 35 32
2 2 64 5 195
1 38
2 5 230 5 64
7 28 24 16 25 38 51 42
1 5 95
3 51 49 12
7 3 192 4 6 4 136 3 235 2 158 4 232 3 40
6 55 45 34 21 33 20
2 2 212 3 51
1 57
3 2 202 3 20 5 143
8 10 7 56 26 43 44 54 37
8 1 32 3 107 3 53 2 181 2 210 4 7 5 204 3 4
3 20 50 46
7 3 142 1 136 3 101 1 134 4 99 4 71 3 52
3 15 57 7
6 1 40 5 98 5 61 5 219 1 214 1 49
5 7 39 46 50 28
7 2 105 4 153 3 212 2 77 3 92 4 124 4 22
1 37
6 3 218 2 223 1 1 2 91 2 73 2 92
2 3 25
2 2 121 3 194
2 6 53
3 4 1 5 164 2 178
8 53 47 43 52 6 54 59 17
6 2 227 4 72 2 53 3 151 5 91 5 116
2 4 16
2 5 202 5 94
6 49 54 45 60 46 5
2 1 124 3 218
3 55 26 40
3 2 11 5 100 4 215
8 56 27 60 12 12 22 11 51
1 5 215
6 60 22 14 40 47 35
8 4 116 2 43 1 47 5 162 2 29 1 92 4 150 3 150
5 40 24 18 43 11
4 5 85 3 86 3 12 3 186
7 60 49 33 11 16 57 7
4 1 187 4 32 1 186 1 19
2 54 11
4 1 9 2 4 3 28 3 129
6 31 18 24 24 16 4
1 2 132
4 52 50 15 36
8 5 69 3 168 4 30 5 225 5 2 2 191 5 185 3 156
7 9 34 35 26 16 10 1
5 2 27 3 191 3 101 1 197 1 215
4 53 13 56 39
4 1 122 4 95 5 69 1 186
8 56 23 24 35 53 29 42 8
1 5 26
8 32 10 41 42 5 44 60 54
1 3 96
3 45 17 20
8 2 170 2 112 3 169 2 58 2 76 2 108 5 230 1 37
3 48 7 60
1 2 201
6 18 56 7 32 56 21
2 2 105 2 107
7 6 25 1 31 5 60 15
3 2 210 1 116 5 161
1 26
8 1 201 4 74 2 5 5 34 2 95 5 175 5 231 2 49
0
