13

11
0
11111111111111111111111111111
0111111111111111111111111111

01
01
01
01
10
10
10
10

1
1

00
00
1
1

0
0

1
0

0
1

011
0111

011
10111
0111
0111

011
0111
01110
111
0111
10111
011101
11

0001011101100110010001101000101001
11011010011001011111010111001101101010000010010001111010001001010101010011111100100001110010101010011000110110101101111101111111111001101010100001011101100110010001101000101001
1011100101010111110100010000101110110101110100110110011000000111010111100111011010011001011111010111001101101010000010010001111010001001010101010011111100100001110
0010000101110110101110100110110011000000111010111100111011010011001011111010111001101101010000010010001111010001001010101010011111100100001110010101010011000110110101101111101111111111001101010100001011101100110010001101000101001
10110011000000111010111100111011010011001011111010111001101101010000010010001111010001001010101010011111100100001110010101010011000110110101101111101111111111001101010100001011101100110010001101000101001
10111001010101111101000100001011101101011101001101100110000001110101111001110110100110010111110101110011011010100000100100011110100010010101010100111111001000011100101010100110001101101
10011000000111010111100111011010011001011111010111001101101010000010010001111010001001010101010011111100100001110010101010011000110110101101111101111111111001101010100001011101100110010001101000101001
101110010101011111010001000010111011010111010011011001100000011101011110
0011111100100001110010101010011000110110101101111101111111111001101010100001011101100110010001101000101001
101110010101011111010001000010111011010111010011011001100000011101011110011101101001100101111101011100110110101000001001000111101000100101010101001111110010000111001010101
0111011010011001011111010111001101101010000010010001111010001001010101010011111100100001110010101010011000110110101101111101111111111001101010100001011101100110010001101000101001
101111111111001101010100001011101100110010001101000101001
10111001010101111101000100001011101101011101001101100110000001110101
1011100101010111110100010000101110110101110100110110011000000111010111100111011010011001011111010111001101101010000010010001111010001001010101010011
0111011010011001011111010111001101101010000010010001111010001001010101010011111100100001110010101010011000110110101101111101111111111001101010100001011101100110010001101000101001
10111001010101111101000100001011101101011101001101100110000001110101111001110110100110010111110101110011011010100000100100011110100010010101010100111111001000011100101010100110001101101011011111011111111110011010101
10111001101101010000010010001111010001001010101010011111100100001110010101010011000110110101101111101111111111001101010100001011101100110010001101000101001
101110010101011111010001000010111011010111010011011001100000011101011110011101101001100101111101011100110110101000001001000111101000100101010101001111110010000111001010101
10010001101000101001
101110010101011111010001000010111011010111010011011001100000011101011110011101101001100101111101011100110110101000001001000111101000100101010101001111110010
011001011111010111001101101010000010010001111010001001010101010011111100100001110010101010011000110110101101111101111111111001101010100001011101100110010001101000101001
1011100101010111110100010000101110110101110100110110011000000111010111100111011010011001011111010111001101101010000010010001111010001001010101010011111100100001110010101010011000110110101101111101111111111001101010100001011101100
101110010101011111010001000
10111001010101111101000100001011101101011101001101100110000001110101111001110110100110010111110101110011011010100000100100011110100010010101010100111111001000011100101010100110001101
10110011000000111010111100111011010011001011111010111001101101010000010010001111010001001010101010011111100100001110010101010011000110110101101111101111111111001101010100001011101100110010001101000101001
1110110101110100110110011000000111010111100111011010011001011111010111001101101010000010010001111010001001010101010011111100100001110010101010011000110110101101111101111111111001101010100001011101100110010001101000101001
0011000110110101101111101111111111001101010100001011101100110010001101000101001
10111001010101111101000100001011101101011101001101100110000001110101111001110110100110010111110101110011011010100000100100011110100010010101010100111111001000011100101010100110001101101011011111011111111110011010101000
10111001010101111101000100001011101101011101001
101110010101011111010001000010111011010111010011011001100000011101011110011101101001100101111101011100110110101000001001000111101000100101010101001111110010000111001010101
10100001011101100110010001101000101001
10111001010101111101000100001011101101011101001101100110000001110101111001110110100110010111110101110011011010100000100100011110100010010101010100111111001000011100101010100110001101101011011111011111111110011010101000010111011001100100011
001010101010011111100100001110010101010011000110110101101111101111111111001101010100001011101100110010001101000101001
101110010101011111010001000010111011010111010011011001100000011101011110011101101001100101111101011100110110101000001001000111101000100101010101001111110010000111001010101001
101110010101011111010001000010111011010111010011011001100000011101011110011101101001100101111101011100110110101000001001000111101000100101010101001111110010000111001010101001100011011010110111110111111111100110101010
101110010101011111010001000010111011010111010011011001100000011101011110011101101001100101111101011100110110101000001001000111101000100101010101001111110010000111001010101001100011011010110111110111111111100110101010000
1011100101010111110100010000101110110101110100110110011000000111010111100111011010011001011111010111001101101010000010010001111010001001010101010011111100100001110010101010011000110110101101111101111111111001101010100001011101
001101000101001
1100100001110010101010011000110110101101111101111111111001101010100001011101100110010001101000101001
111100100001110010101010011000110110101101111101111111111001101010100001011101100110010001101000101001
1111010001001010101010011111100100001110010101010011000110110101101111101111111111001101010100001011101100110010001101000101001
011001011111010111001101101010000010010001111010001001010101010011111100100001110010101010011000110110101101111101111111111001101010100001011101100110010001101000101001
101110010101011111010001000010111011010111010011011001100000011101011110011101101001100101111101011100110110101000001001000111101000100101010101001111110010000111001010
111010001001010101010011111100100001110010101010011000110110101101111101111111111001101010100001011101100110010001101000101001
1011100101010111110100010000101110110101110100110110011000000111010111100111011010011001011111010111001101101010000010010001
0101110110101110100110110011000000111010111100111011010011001011111010111001101101010000010010001111010001001010101010011111100100001110010101010011000110110101101111101111111111001101010100001011101100110010001101000101001
010010001111010001001010101010011111100100001110010101010011000110110101101111101111111111001101010100001011101100110010001101000101001
10111001010101111101000100001011101101011101001101100110000001110101111001
1011100101010111110100010000101110110101110100
1
101110010101011111010001000010111011010111010011011001100000011101011110011101101001100101111101011100110110101000001001000
10101010011111100100001110010101010011000110110101101111101111111111001101010100001011101100110010001101000101001
1011100101010111110100010000101110110101110100110110011000000111010111100111011010
10101101111101111111111001101010100001011101100110010001101000101001
101111111111001101010100001011101100110010001101000101001
101110010101011111010001000010111011010111010011011001100000011101011110011101101001100101
110010001101000101001
110100110110011000000111010111100111011010011001011111010111001101101010000010010001111010001001010101010011111100100001110010101010011000110110101101111101111111111001101010100001011101100110010001101000101001
10111001010101111101000100001011101101011101001101
110110011000000111010111100111011010011001011111010111001101101010000010010001111010001001010101010011111100100001110010101010011000110110101101111101111111111001101010100001011101100110010001101000101001
10111001010101111101000100001011101101011101001101100110000001110101111001110110100110010111110101110011011010100000100100011110100010010101010100111111001000011100101010100110001101101011011111011111111110
101110010101011111010001000010111011010111010011011001100000011101011110011101101001100101111101011100110110101000001001000111101000100101010101001111110010000111001010101001100011011010110111110111
1001
101110010101011111010001000010111011010111010011011001100000011101011110011101101001100101111101011100110110101000001001000111101000100101010101001111110010000111001010101
1011100101010111110100010000101110110101110100110110011000000111010111100111011010011001011111010111001101101010000010010001111010001001010101010011111100100001110010101010011000110110101101111101111111111001101010100001011101100
0011000110110101101111101111111111001101010100001011101100110010001101000101001
101110010101011111010001000010111011010111010011011001100000011101011110011101101001100101111101011100110110101000001001000
0011000110110101101111101111111111001101010100001011101100110010001101000101001
01000101001
1011100101010111110100010000101110110101110100110110011000000111010111100111011010011001011111010111001101101010000010010001111010001001010101010011111100100001110010101010011000110110101101111
10111001010101111101000100001011101101011101001101100110000001110
00100001110010101010011000110110101101111101111111111001101010100001011101100110010001101000101001
0110110011000000111010111100111011010011001011111010111001101101010000010010001111010001001010101010011111100100001110010101010011000110110101101111101111111111001101010100001011101100110010001101000101001
011001011111010111001101101010000010010001111010001001010101010011111100100001110010101010011000110110101101111101111111111001101010100001011101100110010001101000101001
11100111011010011001011111010111001101101010000010010001111010001001010101010011111100100001110010101010011000110110101101111101111111111001101010100001011101100110010001101000101001
10111001010101111101000100001011101101011101001101100110000001110101111001110110100110010111110101110011011010100000100100011110100010010101010100111111001000011100101010100110001101101011011111011111111110011010
1011100101010111110100010000101110110101110100110110011000000111010111100111011010011001011111010111001101101010000010010001111010001001010101010011111100100001110010
01011111010111001101101010000010010001111010001001010101010011111100100001110010101010011000110110101101111101111111111001101010100001011101100110010001101000101001
1111010111001101101010000010010001111010001001010101010011111100100001110010101010011000110110101101111101111111111001101010100001011101100110010001101000101001
101110010101011111010
010111100111011010011001011111010111001101101010000010010001111010001001010101010011111100100001110010101010011000110110101101111101111111111001101010100001011101100110010001101000101001
10111001010101111101000100001011101101011101001101
1011100101010111110100010000101110110101110100110110011000000111010111100111011010011001011111010111001101101010000010010001111010001
1011100101010111110100010000101110110101110100110110011000000111010111100111011010
101110010101011111010001000010111011010111010011011001100000011101011110011101101001100101111101011100110110101000001001000111101000100101010101
101110010101011111010001000010111011010111010011011001100000011101011110011101101001100101111101011100110110101000001001000111101000100101010101001111110010000111001010101001100011011010110111110111111111100110101010000101110110011001000110100010
101110010101011111010001000010111011010111010011011001100000011101011110
11101111111111001101010100001011101100110010001101000101001
101110010101011111010001000010111011010111010011011001100000011101011110011101101001100101111101011100110110101000001001000111101000100101010101001111110010000
100110010001101000101001
101110010101011111010001000010111011010111010
1111111001101010100001011101100110010001101000101001
101110010101011111010001000010111011010111010011011001100000011101011110011101101001100101111101011100110110101000001001000
1011100101010111110100010000101110110101
10111001010101111101000100001011101101011101001101100110000001110101111001110110100110
10111001010101111101000100001011101101011101001101100110000001110101111001110110100110010111110101110011011010100000100100011110100010010101010100111111
1011100101010111110100010000101110110101110100110110011000000111
10111001010101111101000100001011101101011101001101100110000001110101111001110110100110010111110101110011011010100000100100011110100010010
1000110110101101111101111111111001101010100001011101100110010001101000101001
1011100101010111110100010000101110110101110100110110011000000111010111100111011010011001011111010111001101101010000
010101010011000110110101101111101111111111001101010100001011101100110010001101000101001
00001011101100110010001101000101001
1011100101010111110100010000101110110101110100110110011000000111010111100111011010011001011111010111001101101
101110010101011111010001000010111011010111010011011001100000011101011110
10111001010101111101000100001011101101011101001101100110000001110101111001110110100110010111110101110011011010100000100100011110100010010101010100111111001000011100101010100110001101101011011
0011000110110101101111101111111111001101010100001011101100110010001101000101001
0011111100100001110010101010011000110110101101111101111111111001101010100001011101100110010001101000101001
1111010001001010101010011111100100001110010101010011000110110101101111101111111111001101010100001011101100110010001101000101001
10111001010101111101000100001011101101011101001101100110000001110101111001110110100110010111110
01101010100001011101100110010001101000101001
110010001101000101001
10111001010101111101000100001011101101011101001101100110000001110101111001110110100110010111110101110011011010100000100100011110100010010101010100111111001000011100101010100110001101101011011111011111111110011010101000010111011001
010000010010001111010001001010101010011111100100001110010101010011000110110101101111101111111111001101010100001011101100110010001101000101001
011100101010111110100010000101110110101110100110110011000000111010111100111011010011001011111010111001101101010000010010001111010001001010101010011111100100001110010101010011000110110101101111101111111111001101010100001011101100110010001101000101001
101110010101011111010001000010
1011100101010111110100010000101110110101110100110110011000000111010111100111011010011001011111010111001101101010000010010001111010001001010101010011111100100001110010101010011000110110101101111101111111111001101010100001011101100110010
1111010001001010101010011111100100001110010101010011000110110101101111101111111111001101010100001011101100110010001101000101001
110101101111101111111111001101010100001011101100110010001101000101001
1011100101010111110100010000101110110101110100110110011000000111010111100111011010011001011111010111001101101010000010010001111010001001010101010011111100100001110010101010011000110
01011101100110010001101000101001
110101110100110110011000000111010111100111011010011001011111010111001101101010000010010001111010001001010101010011111100100001110010101010011000110110101101111101111111111001101010100001011101100110010001101000101001
1011100101010111110100010000101110
1011100101010111110100010000101110110101110100110110011000000111010111100111011010011001011111010111001101101010000010010001111010001001010101010011111100100001110010101010011000110110101101111
10111100111011010011001011111010111001101101010000010010001111010001001010101010011111100100001110010101010011000110110101101111101111111111001101010100001011101100110010001101000101001
1010011000110110101101111101111111111001101010100001011101100110010001101000101001
0111011010011001011111010111001101101010000010010001111010001001010101010011111100100001110010101010011000110110101101111101111111111001101010100001011101100110010001101000101001
10111001010101111101000100001011101101011101001101100110000001110101111001110110100110010111110101110011011010100000100100011110100010010101010100111111001000011100101010100110001101101011011111011111111110011010101000010111011
10111001010101111101000
01101111101111111111001101010100001011101100110010001101000101001
10000101110110101110100110110011000000111010111100111011010011001011111010111001101101010000010010001111010001001010101010011111100100001110010101010011000110110101101111101111111111001101010100001011101100110010001101000101001
1011100101010111110100010000101110110101110100110110011000000111010111100111011010
00110010001101000101001
101010011000110110101101111101111111111001101010100001011101100110010001101000101001
10011000000111010111100111011010011001011111010111001101101010000010010001111010001001010101010011111100100001110010101010011000110110101101111101111111111001101010100001011101100110010001101000101001
1011101100110010001101000101001
1110010101010011000110110101101111101111111111001101010100001011101100110010001101000101001
0001110010101010011000110110101101111101111111111001101010100001011101100110010001101000101001
101110010101011111010001000010111011010111010011011001100000011101011110011101101001100101111101011100110110101000001001000111101000100101010101
10111001010101111101000100001011101101011101001
101110010101011111010001000010111011010111010011011001100000011101011110011101101001100101111101011100110110101000001001000111101000100101010101001111

10101001101000011101011100100010010111111011001001110111100001
1111010111110101011101010101011001110000011011111010011001010111110000000101100010011010000100011010110101000101110100101011000000011100
101011001110000011011111010011001010111110000000101100010011010000100011010110101000101110100101011000000011100110111001101000101000100110101011000010111011011001010101001101000011101011100100010010111111011001001110111100001
11110101111
101011100100010010111111011001001110111100001
0111100001
111101011111010101110101010101100111000001101111101001100
0101001101000011101011100100010010111111011001001110111100001
0101000100110101011000010111011011001010101001101000011101011100100010010111111011001001110111100001
111011001001110111100001
011001010101001101000011101011100100010010111111011001001110111100001
1111010111110101011101010101011001110000011011111010011001010111110000000101100010011010000100011010110101000101110100101011000000011100110
11110101111101010111010101010110011100000110111110100110010101111100000001011000100110100001000110101101010001011101001010110000000111001101110011010001010
1111010111110101011101010101011001110000011011111010011001010111110000000101100010011010000100011010110101000101110100101011000000011100110111001101000101000100110101011
101000011101011100100010010111111011001001110111100001
110111001101000101000100110101011000010111011011001010101001101000011101011100100010010111111011001001110111100001
111101011111010101110101010101100111000001101111101001100101011111000000010110001001101
11110101111101010111010101010110011100000110111110100110010101111100000001011000100110100001000110101101010001011101001010110000000111001101110011010001010001001101010110000101110110110010101010011010000111010111001000100101111110110010011101111000
1111010111110101011101010101011001110000011011111010011001010111110000000101100010011010000100011010110101000101110100101011000000011100110111001101000101000100110101011000010111011
01
10111110101011101010101011001110000011011111010011001010111110000000101100010011010000100011010110101000101110100101011000000011100110111001101000101000100110101011000010111011011001010101001101000011101011100100010010111111011001001110111100001
11110101111101010111010101010110011100000110111110100110010101111100000001011000100110100001000110101101010001011101001010110000000111001101110011010001010001001101010110000101110110110010101010011010000111010111001000100101111110110010011101111000
111101011111010101110101010101100111000001101111101001100101011111000000010110001001101000010001101011010100010111010010101100000001110011011100110100010100010011010101100001011101101100101010100110
11001101000101000100110101011000010111011011001010101001101000011101011100100010010111111011001001110111100001
1111010111110101011101010101011001110000011011111010011001010111110000000101100010011010000100011010110101000101110100101011000000011100110111001101000101000100110101011000010111011011001010101001101000011
1111010111110101011101010
111101011111010101110101010101100111000001101111101001100101011111000000010110001001101000010001101011010100010111010010101100000001110011011100110100010100010011010101100001011101101100101010100110
011000000011100110111001101000101000100110101011000010111011011001010101001101000011101011100100010010111111011001001110111100001
1110100101011000000011100110111001101000101000100110101011000010111011011001010101001101000011101011100100010010111111011001001110111100001
1111010111110
111101011111010101110101010101100111000001101111101001100101011111000000010110001001101000010001101011010100010111010010101100000001110011011100110100010100010011010101100001011101101100101010100110
111101011111010101110101010101100111000001101111101001100101011111000000010110001001101000010001101011010100010111010010101100000001110011011100110100010100010011010101100001011101101100101010100110100001110101110010001001011111101100100111
000010111011011001010101001101000011101011100100010010111111011001001110111100001
1011001110000011011111010011001010111110000000101100010011010000100011010110101000101110100101011000000011100110111001101000101000100110101011000010111011011001010101001101000011101011100100010010111111011001001110111100001
1010101001101000011101011100100010010111111011001001110111100001
111101011111010101110101010101100111000001101111101001100101011111
0101011101010101011001110000011011111010011001010111110000000101100010011010000100011010110101000101110100101011000000011100110111001101000101000100110101011000010111011011001010101001101000011101011100100010010111111011001001110111100001
0011100110111001101000101000100110101011000010111011011001010101001101000011101011100100010010111111011001001110111100001
0110111001101000101000100110101011000010111011011001010101001101000011101011100100010010111111011001001110111100001
111001101000101000100110101011000010111011011001010101001101000011101011100100010010111111011001001110111100001
111101011111010101110101010101100111000001101111101001100101011111000000010110001001101000010001101011010100010111010010101100000001110011011100110
10000011011111010011001010111110000000101100010011010000100011010110101000101110100101011000000011100110111001101000101000100110101011000010111011011001010101001101000011101011100100010010111111011001001110111100001
1011000000011100110111001101000101000100110101011000010111011011001010101001101000011101011100100010010111111011001001110111100001
00000011100110111001101000101000100110101011000010111011011001010101001101000011101011100100010010111111011001001110111100001
11110101111101010111010101010110011100000110111110100110010101111100000001011000100110100001000110101101010001011101001010110000000111001101110011010001010001001101010110000101110110110010101010011010000111010111001000100101111110110010
111101011111010101110101010101100111000001101111101001100101011111000000010110001001101000010001101011010100010111010010101100000001110011011100110100010100010011010101100001011101101100101
01110111100001
111101011111010101110101010101100111000001101111101001100101011111000000010110001001101000010001101011010100010111010010101100000001110
1001110000011011111010011001010111110000000101100010011010000100011010110101000101110100101011000000011100110111001101000101000100110101011000010111011011001010101001101000011101011100100010010111111011001001110111100001
0101011101010101011001110000011011111010011001010111110000000101100010011010000100011010110101000101110100101011000000011100110111001101000101000100110101011000010111011011001010101001101000011101011100100010010111111011001001110111100001
11100110111001101000101000100110101011000010111011011001010101001101000011101011100100010010111111011001001110111100001
111101011111010101110101010101100111000001101111101001100101011111000000010110001001101000010001101011010100010111010010101100000001110011011100110100010
010110101000101110100101011000000011100110111001101000101000100110101011000010111011011001010101001101000011101011100100010010111111011001001110111100001
1011001010101001101000011101011100100010010111111011001001110111100001
0000100011010110101000101110100101011000000011100110111001101000101000100110101011000010111011011001010101001101000011101011100100010010111111011001001110111100001
101011101010101011001110000011011111010011001010111110000000101100010011010000100011010110101000101110100101011000000011100110111001101000101000100110101011000010111011011001010101001101000011101011100100010010111111011001001110111100001
111101011111010101110101010101100111000001101111101001100101011111000000010110001001101000010001101011010100010111010010101100000001110011011100110100010100010011010101100001011101
1111010111110101011101010101011001110000011011111010011001010111110000000101100010011010000100011010110101000101110100101011000000011100110111001101000101000100110101011000010111011011001010101001
111101011111010101110101010101100111000001101111101001100101011111000000010110001001101000010001101011010100010
1010111110000000101100010011010000100011010110101000101110100101011000000011100110111001101000101000100110101011000010111011011001010101001101000011101011100100010010111111011001001110111100001
111101011111010101110101010101100111000001101111101001100101011111
111101011111010101110101010101100111000001101111101001100101011111000000010110001001101000010001101011010100010111010010101
1111010111110101011101010101011001110000011011111010011001010111110000000101100010
11110101111101010111010101010110011100000110111110100110010101111100000001011000100110100001000110101101010001011101001010110
1111010111110101011101010101011001110000011011111010011001010111110000000101100010011010000100011010110101000101110100101011000000011100110111001101000101000100110101011000010111011
0011010000100011010110101000101110100101011000000011100110111001101000101000100110101011000010111011011001010101001101000011101011100100010010111111011001001110111100001
11110101111101010111010101010110011100000110111110100110010101111100000001011000100110100
01011000000011100110111001101000101000100110101011000010111011011001010101001101000011101011100100010010111111011001001110111100001
1111010111110101011101010101011001110000011011111010011001010111110000
111101011111010101110101010101100111000001101111101001100101011111000000010110
111101011111010101110101010101100111000001101111101001100101011111000000010110001001101000010001101011010100010111010010101100000
111101011111010101110101010101
111101011111
11110101111101010111010101010
11110101111101010111010101010110011
10000011011111010011001010111110000000101100010011010000100011010110101000101110100101011000000011100110111001101000101000100110101011000010111011011001010101001101000011101011100100010010111111011001001110111100001
0000101100010011010000100011010110101000101110100101011000000011100110111001101000101000100110101011000010111011011001010101001101000011101011100100010010111111011001001110111100001
1111010111110101011101010101011001110000011011111010011001010111110000000101100010011010000100011010110101000101110100101011000000011100110111001101000101000100110101011000
1111010111110101011101010101011001110000011011111010011001010111110000000101100010011010000100011010110101000101110100101011000000011100110111001101000101000100110101011000010111011011001010
011010000100011010110101000101110100101011000000011100110111001101000101000100110101011000010111011011001010101001101000011101011100100010010111111011001001110111100001
0000101100010011010000100011010110101000101110100101011000000011100110111001101000101000100110101011000010111011011001010101001101000011101011100100010010111111011001001110111100001
11110
1111010111110101011101010101011001110000011011111010011001010111110000000101100010011010000100011010110101000101110100
11110101111101010111010101010110011
11001110000011011111010011001010111110000000101100010011010000100011010110101000101110100101011000000011100110111001101000101000100110101011000010111011011001010101001101000011101011100100010010111111011001001110111100001
111101011111010101110101010101100111000001101111101001100101011111000000010110001
11110101111101010111010101010110011100000110111110100110010101111100000001011000100110100001000110101101010001011101001
111101011111010101110101010101100111000001101111101001
000101100010011010000100011010110101000101110100101011000000011100110111001101000101000100110101011000010111011011001010101001101000011101011100100010010111111011001001110111100001
011001010101001101000011101011100100010010111111011001001110111100001
111101011111010101110101010
1001010111110000000101100010011010000100011010110101000101110100101011000000011100110111001101000101000100110101011000010111011011001010101001101000011101011100100010010111111011001001110111100001
1000011101011100100010010111111011001001110111100001
111101011111010101110101010101100111000001101111101001100101011111000
00100110101011000010111011011001010101001101000011101011100100010010111111011001001110111100001
1
111101011111010101110101010101100111000001101111101001100101011111000000010110001001101000010001101011010100010111010010101100000001110011011100110100010100010011010101100001011101101100101010100110100001110101110010001001011111101100100111011110000
1010111110101011101010101011001110000011011111010011001010111110000000101100010011010000100011010110101000101110100101011000000011100110111001101000101000100110101011000010111011011001010101001101000011101011100100010010111111011001001110111100001
0011010000100011010110101000101110100101011000000011100110111001101000101000100110101011000010111011011001010101001101000011101011100100010010111111011001001110111100001
1111010111110101011101010101011001110000011011111010011001010111110000000101100010011010000100011
111101011111010101110101010101100111000001101111101001100101011111000000010110001
111101011111010101110101010101100111000001101111101001100101011111000000010110001001101000010001101011010100010111010010101100000001110011011100110100
11110101111101010111010101010110011100000110111110100110010101111100000001011000100110100001000110101101010001011101001010110000000111001101110011010001010001001101010110000101110110110010
11110101111101010111010101010110011100000110111110100110010101111100000001011000100110100001000110101101010001011101001010110000000111001101110011010001010
11110101111101010111010101010110011100000110111110100110010101111100000001011000100110100001000110101101010001011101001010110000000111001101
11110101111
111101011111010101110101010101100111000001101111101001100101011111000000010110001001101000010001101011010100010111010010101100000001110011011100110100010100010011010101100001011101101100
1111010111110101011101010101011001110000011011111010011001010111110000000101100010011010000100011010110101000101110100101
0101011000000011100110111001101000101000100110101011000010111011011001010101001101000011101011100100010010111111011001001110111100001
101001101000011101011100100010010111111011001001110111100001
1010000100011010110101000101110100101011000000011100110111001101000101000100110101011000010111011011001010101001101000011101011100100010010111111011001001110111100001
1111010111110101011101010101011001110000011011111010
1111010111110101011101010101011001110000011011111010011001010111110000000101100010011010000100011010110101000101110100101011000000011100110111001101000101000100110101011000010111011011001010101001101000011101011100100010010111
1000101000100110101011000010111011011001010101001101000011101011100100010010111111011001001110111100001
011001010111110000000101100010011010000100011010110101000101110100101011000000011100110111001101000101000100110101011000010111011011001010101001101000011101011100100010010111111011001001110111100001
111
111101011111010101110101010101100111000001101111101001100101011111000000010110001001101000010001101011010100010111010
111101011111010101110101010101100111000001101111101001100101011111000000010110001001101000010001101011010100010111010010
11110101111101010111010101010110011100000110111110100110010101111100000001011000100110100001000110101101010001011101001010110000000
01
10101011101010101011001110000011011111010011001010111110000000101100010011010000100011010110101000101110100101011000000011100110111001101000101000100110101011000010111011011001010101001101000011101011100100010010111111011001001110111100001
00100011010110101000101110100101011000000011100110111001101000101000100110101011000010111011011001010101001101000011101011100100010010111111011001001110111100001
111101011111
111101011111010101110101010101100111000001101111101001100101011111000000010110001001
0000000101100010011010000100011010110101000101110100101011000000011100110111001101000101000100110101011000010111011011001010101001101000011101011100100010010111111011001001110111100001
111101011111010101110101010101100111000001101111101001100101011111000000010110001001101000010001101011010100010111010010101100000001110011011100
1101000101000100110101011000010111011011001010101001101000011101011100100010010111111011001001110111100001
101011000000011100110111001101000101000100110101011000010111011011001010101001101000011101011100100010010111111011001001110111100001
111011011001010101001101000011101011100100010010111111011001001110111100001
0000000101100010011010000100011010110101000101110100101011000000011100110111001101000101000100110101011000010111011011001010101001101000011101011100100010010111111011001001110111100001
00100110101011000010111011011001010101001101000011101011100100010010111111011001001110111100001
0010011010000100011010110101000101110100101011000000011100110111001101000101000100110101011000010111011011001010101001101000011101011100100010010111111011001001110111100001
10101011101010101011001110000011011111010011001010111110000000101100010011010000100011010110101000101110100101011000000011100110111001101000101000100110101011000010111011011001010101001101000011101011100100010010111111011001001110111100001
1000100110101011000010111011011001010101001101000011101011100100010010111111011001001110111100001
111101011111010101110101010101100111000001101111101001100101011111000
1000011101011100100010010111111011001001110111100001
1111010111110101011101010101011001110000011011111010011001010111110000000101100010011010000100011010110101000101110100101011000000011100110111001101000101000100110101011000010
010111011011001010101001101000011101011100100010010111111011001001110111100001
1000011101011100100010010111111011001001110111100001
1000000011100110111001101000101000100110101011000010111011011001010101001101000011101011100100010010111111011001001110111100001

1101001001111010001110010010101011000011110111100011100000100000011110
110100100111101000111001001010101100001111011110001110000010000001111000111101000001010011000111000011110101010010011011001010100010001110001110111101011011010101110000010100001100111111011110101110001000101
11100010001010101111000100010101110111010110010001110001
10101110111010110010001110001
11010010011110100011100100101010110000111101111000111000001000000111100011110100000101001100011100001111010101001001101100101010001000111000111011110101101101010111000001010000110011111101111010111000
111101011100010001010101111000100010101110111010110010001110001
1110111101011100010001010101111000100010101110111010110010001110001
11010010011110100011100100101010110000111101111000111000001000000111100011110100000101001100011100001111010101001001101100101010001000111000111011110101101101010111000001010000110011111101111010111000100010101011110001000101011101110101100100011100
110100100111101000111001001010101100001111011110001110000010000001111000111101000001010011000111000011110101010010011011001010100010001110001110111101011011010101110000010
001111010000010100110001110000111101010100100110110010101000100011100011101111010110110101011100000101000011001111110111101011100010001010101111000100010101110111010110010001110001
100011101111010110110101011100000101000011001111110111101011100010001010101111000100010101110111010110010001110001
11010010011110100011100
1101001001111010001110010010101011000011110111100011100000100000011110001111010000010100110001110000111101010100100110110010101000100
110100100111101000111001001010101100001111011110001110000010000001111000111101000001010011000111000011110101010010011011
1101001001111010001110010010101011000011110111100011100000100000011110001111010000010100110001110000111101010100100110110010101000100011100011101111010110110101011100000101000011001111110111
0011110111100011100000100000011110001111010000010100110001110000111101010100100110110010101000100011100011101111010110110101011100000101000011001111110111101011100010001010101111000100010101110111010110010001110001
11010010011110100011100100101010110000111101111000111000001000000111100011110100000101001100011100
0010001010101111000100010101110111010110010001110001
11010001110010010101011000011110111100011100000100000011110001111010000010100110001110000111101010100100110110010101000100011100011101111010110110101011100000101000011001111110111101011100010001010101111000100010101110111010110010001110001
1101001001111010001110010010101011000011110111100011100000100000011110001111010000010100110001
010101011000011110111100011100000100000011110001111010000010100110001110000111101010100100110110010101000100011100011101111010110110101011100000101000011001111110111101011100010001010101111000100010101110111010110010001110001
00010001010101111000100010101110111010110010001110001
0100110110010101000100011100011101111010110110101011100000101000011001111110111101011100010001010101111000100010101110111010110010001110001
110100100111101000111001001010101100001111011
1101001001111010001110010010101011000011110111100011100000100000011110001111010000010100110001110000111101010100100110110010101000100011100011101111010110110101011100000101000011001111110111101011100010001010101111000100010
110100100111101000111001001010101100001111011110001110000010000001111000111101000001010011000111000011110101010010011011001010100010001110001110111101011011010101110000010100001100111111011110
0000111101010100100110110010101000100011100011101111010110110101011100000101000011001111110111101011100010001010101111000100010101110111010110010001110001
10010101011000011110111100011100000100000011110001111010000010100110001110000111101010100100110110010101000100011100011101111010110110101011100000101000011001111110111101011100010001010101111000100010101110111010110010001110001
11100000100000011110001111010000010100110001110000111101010100100110110010101000100011100011101111010110110101011100000101000011001111110111101011100010001010101111000100010101110111010110010001110001
11010010011110100011100100101010110000111101111000111000001000000111100011110100000101001100011100
11010010011110100011100100101010110000111101111000111000001000000111100011110100000101001100011100001111010101001001101100101010001000111000111011110101101101010111000
01
11010010011110100011100100101010110000111101111000111000001000000111100011110100000101001100011100001111010101001001101100101010001000111000111011110101101101010111000001010000110011111101111010111
11010010011110100011100100101010110000111101111000111000001000000111100011110100000101001100011100001111010101001001101100101010001000111000111011110101101101010
01111010000010100110001110000111101010100100110110010101000100011100011101111010110110101011100000101000011001111110111101011100010001010101111000100010101110111010110010001110001
1100011100000100000011110001111010000010100110001110000111101010100100110110010101000100011100011101111010110110101011100000101000011001111110111101011100010001010101111000100010101110111010110010001110001
11010010011110100011100100101010110000111101111000111000001000000111100
00000100000011110001111010000010100110001110000111101010100100110110010101000100011100011101111010110110101011100000101000011001111110111101011100010001010101111000100010101110111010110010001110001
11010010011110100011100100101010110000111101111000
110100100111101000111001001010
1101001001111010001110010010101011000011110111100011100000100000011110001111010000010100110001110000111101010100100110110010101000100011100011101111010110110101011100000101000011001111110111101011100010001010101111000100
1011000011110111100011100000100000011110001111010000010100110001110000111101010100100110110010101000100011100011101111010110110101011100000101000011001111110111101011100010001010101111000100010101110111010110010001110001
1110001111010000010100110001110000111101010100100110110010101000100011100011101111010110110101011100000101000011001111110111101011100010001010101111000100010101110111010110010001110001
1101001001111010001110010010101011000011110111100011100000100000011110001111
1101001001111010001110010010101011000011110111100011100000100000011110001111010000010100110001110000111101010100100110110010101000100011100011101111010110110101011100000101000011
110100100111101000111001001010101100001111011110001110000010000001111000111101000001010011000111000011110101010010011011001010100010001110001110111101011011010101110000010100001100111111011110101110
1010101111000100010101110111010110010001110001
11010010011110100011100100101010110000111101111000111000001000000111100011110100000101001100011100001111010101001001101100101010001000111000
1101001001111010001110010010101011000011110111100011100000100000011110001111010000
1
11010010011110100011100100101010110000111101111000111000001000000111100011110100000101001100011100001111010101001001101100101010001000111000111011110101101101010111000001010000110011111101111010111
110100100111101000111001001010101100001111
110000111101010100100110110010101000100011100011101111010110110101011100000101000011001111110111101011100010001010101111000100010101110111010110010001110001
000100011100011101111010110110101011100000101000011001111110111101011100010001010101111000100010101110111010110010001110001
011101111010110110101011100000101000011001111110111101011100010001010101111000100010101110111010110010001110001
00111101010100100110110010101000100011100011101111010110110101011100000101000011001111110111101011100010001010101111000100010101110111010110010001110001
001
010101110111010110010001110001
0100010101110111010110010001110001
1101001001111010001110010010101011000011110111100011100000100000011110001111010000010100110001110000111101010100100110110010101000100011100011101111010110110101011100000101000011001111110111101011100010001010101
110101011100000101000011001111110111101011100010001010101111000100010101110111010110010001110001
0010010101011000011110111100011100000100000011110001111010000010100110001110000111101010100100110110010101000100011100011101111010110110101011100000101000011001111110111101011100010001010101111000100010101110111010110010001110001
110100100
101011100010001010101111000100010101110111010110010001110001
11010010011110100011100100101010
11100000100000011110001111010000010100110001110000111101010100100110110010101000100011100011101111010110110101011100000101000011001111110111101011100010001010101111000100010101110111010110010001110001
10001010101111000100010101110111010110010001110001
11010010011110100011100100101010110000111101111000111000001000000111100011110100000101001100011100001111010101001001101100101010001000111000111011110101101101010111000001010000110011111101111010111000100010101011110001000
10111100011100000100000011110001111010000010100110001110000111101010100100110110010101000100011100011101111010110110101011100000101000011001111110111101011100010001010101111000100010101110111010110010001110001
00101000011001111110111101011100010001010101111000100010101110111010110010001110001
110100100111101000111001001010101100001111011110001110000010000001111000111101000001010011000111000011110101010010011011001010100010001110001110111101011011010101110000010100001100111
00010001010101111000100010101110111010110010001110001
010100110001110000111101010100100110110010101000100011100011101111010110110101011100000101000011001111110111101011100010001010101111000100010101110111010110010001110001
11010010011110100011100100101010110000111101111000111000001000000111100011
0000101000011001111110111101011100010001010101111000100010101110111010110010001110001
11010010011110100011100100101010110000111101111000111000001000000111100011110100000101001100011
11010000010100110001110000111101010100100110110010101000100011100011101111010110110101011100000101000011001111110111101011100010001010101111000100010101110111010110010001110001
1101001001111010001110010010101011000011110111100011100000100000011
1000011110111100011100000100000011110001111010000010100110001110000111101010100100110110010101000100011100011101111010110110101011100000101000011001111110111101011100010001010101111000100010101110111010110010001110001
1101001001111010001110010010101011000011110111100011100000100000011110001111010000010100110001110000111101010100100110110010101000100011100011101111010110110101011100000101000011001111110111101011100010001010101111000100010101110111010110010001110
11000011110111100011100000100000011110001111010000010100110001110000111101010100100110110010101000100011100011101111010110110101011100000101000011001111110111101011100010001010101111000100010101110111010110010001110001
1101001001111010001110010010101011000011110111100011100000100000011110001
000101000011001111110111101011100010001010101111000100010101110111010110010001110001
110100100111101000111001001010101100001111011110001110000010000001
110100100111101000111
11010010011110100011100100101010110000111101111000111000001000000111100011110100000101001100011100001111010101001001101100101010001
10001111010000010100110001110000111101010100100110110010101000100011100011101111010110110101011100000101000011001111110111101011100010001010101111000100010101110111010110010001110001
001111010001110010010101011000011110111100011100000100000011110001111010000010100110001110000111101010100100110110010101000100011100011101111010110110101011100000101000011001111110111101011100010001010101111000100010101110111010110010001110001
1101001001111010001110010010101011000011110111100011100000100000011110001111010000010100110001110000111101010100100110110010101000100011100011101111010110110101011100000101000011001111110
1111010000010100110001110000111101010100100110110010101000100011100011101111010110110101011100000101000011001111110111101011100010001010101111000100010101110111010110010001110001
110100100111101000111001001010101100001111011110001110000010000001111000111101000001010011000111000011110101010010011011001010100010001110001110111101011011010101110
110100100111101000111001001010101100001111011110001110000010000001111000111101000001010011000111
11010010011110100011100100101010110000111101111000111000001000000111100011110100000101001100011100001111010101001001101100101010001000111000111011110101101101010111000001010000110011111101111010
10000111101010100100110110010101000100011100011101111010110110101011100000101000011001111110111101011100010001010101111000100010101110111010110010001110001
11101111010110110101011100000101000011001111110111101011100010001010101111000100010101110111010110010001110001
00111101010100100110110010101000100011100011101111010110110101011100000101000011001111110111101011100010001010101111000100010101110111010110010001110001
110100100111101000111001001010101100001111011110001110000010000001111000111101000001010011000111000011110101010010011011001010100010001110001110111101011011010101110000010100001100111111011110101110001000101010111100
101001001111010001110010010101011000011110111100011100000100000011110001111010000010100110001110000111101010100100110110010101000100011100011101111010110110101011100000101000011001111110111101011100010001010101111000100010101110111010110010001110001
110100100111101000111001001010101
1011100010001010101111000100010101110111010110010001110001
111000100010101110111010110010001110001
101110111010110010001110001
00011100011101111010110110101011100000101000011001111110111101011100010001010101111000100010101110111010110010001110001
1101001001111010001110010010101011000011110111100011100000100000011110001111010000010100110001110000111101010100100110110010101000100011100011101111010110
0101111000100010101110111010110010001110001
011100011101111010110110101011100000101000011001111110111101011100010001010101111000100010101110111010110010001110001
11010010011
110100100111101000111001001010101100001111011110001110000010000001111000111101000001010011000111000011110101010010011011001010100010001110001110111101011011010101110000010100001100111111011110101110001000
1000011001111110111101011100010001010101111000100010101110111010110010001110001
010000010100110001110000111101010100100110110010101000100011100011101111010110110101011100000101000011001111110111101011100010001010101111000100010101110111010110010001110001
1101001001111010001110010010101011000011110111100011100000100000011110001111010000010100110001110000111101010100100110110010101
110100100111101000111001001010101100001111011110001110000010000001111000111101000001010011000111000011110101010010011011001010100010001110001110111101011011010101110000010100001100111111011110101110001000101010111100010001010111011101011
110100100111101000111001001010101100001111011110001110000010000001111000111101000001010011000111000011110101010010011011001010100010001110001110111101011011010101110000010100001100111111011110101110001000101010111100010001010111011101011001000
0010101000100011100011101111010110110101011100000101000011001111110111101011100010001010101111000100010101110111010110010001110001
11010010011110100011100100101010110000111101111000111000001000000111
110100100111101000111001001010101100
1101001001111010001110010
0010001110001
110100100111101000111001001010101100001111011110001110
1101001001111010001110010010101011000011110111100011100000100000011110001111010000010100110001110000111101010100100110110010101000100011
1101001001111010001110010010101011000011110111100011100000100000011110001111010000010100110001110000111101010100100110110010101000100011100011101111010110110101011100
1111010001110010010101011000011110111100011100000100000011110001111010000010100110001110000111101010100100110110010101000100011100011101111010110110101011100000101000011001111110111101011100010001010101111000100010101110111010110010001110001
11010010011110100011100100101010110000111101111000111
11100000101000011001111110111101011100010001010101111000100010101110111010110010001110001
00010101110111010110010001110001
111010000010100110001110000111101010100100110110010101000100011100011101111010110110101011100000101000011001111110111101011100010001010101111000100010101110111010110010001110001
11010010011110100011100100101010110000111101111000111000001000000111100011110100000101001100011100001111010101001001101100101010001000111000111011110101101101010111000001010000110011111101111010111000100010101011110001
0000100000011110001111010000010100110001110000111101010100100110110010101000100011100011101111010110110101011100000101000011001111110111101011100010001010101111000100010101110111010110010001110001
0010001110001
11010010011110100011100100101010110000111
0111100011100000100000011110001111010000010100110001110000111101010100100110110010101000100011100011101111010110110101011100000101000011001111110111101011100010001010101111000100010101110111010110010001110001
1101001
001111110111101011100010001010101111000100010101110111010110010001110001
1110001
110100100111101000111001001010101100001111011110001110000010000001111000
110100100111101000111001001010101100001111011110001110000010000001111000111101000001010011000111000011110101010010011011001010100010001110001110111101011011010101110000010100001100111111011110101110001000101010111100010001010111011101011
11010010011110100011100100101010110000111101111000
1101001001111010001110010010101011000011110111100011100000100000011110001111010000010100110001110000111101010100100110110010101000100011100
110100100111101000111001001010101100001111011110001110000010000001111000111101000001010011000111000011110101010
110001111010000010100110001110000111101010100100110110010101000100011100011101111010110110101011100000101000011001111110111101011100010001010101111000100010101110111010110010001110001
