2
2 1 1
2 2 5
3
6 1 2 3 4 5 6
0
0
16
10 88 1 34 79 97 6 16 32 55 50
6 11 27 48 6 43 51
7 47 9 31 78 48 6 93
11 49 1 33 12 90 21 13 24 53 63 30
3 95 37 71
3 49 98 89
9 41 40 14 40 1 46 19 50 4
6 89 53 66 74 17 8
8 31 32 1 46 14 22 93 4
5 34 5 91 75 12
7 68 26 25 69 24 44 19
11 61 61 34 27 35 52 35 83 35 19 84
3 85 6 74
11 99 60 94 43 35 58 28 3 85 5 25
3 2 44 90
5 57 77 42 45 29
10
10 64 0 65 97 85 71 23 75 23 83
3 18 70 80
10 26 17 55 51 78 57 47 21 72 5
10 66 50 79 95 30 95 95 95 44 33
11 67 60 94 2 81 12 72 13 62 98 30
9 1 61 75 49 82 99 54 32 66
6 63 61 34 58 9 82
6 42 1 21 2 95 75
7 59 99 49 21 50 31 38
3 92 65 0
3
7 54 58 31 10 73 44 97
3 53 79 37
9 32 10 1 27 85 89 38 85 38
8
7 21 97 86 14 63 39 40
2 93 51
5 56 24 7 5 8
5 36 45 12 68 56
6 47 93 3 85 78 93
8 65 14 93 4 80 8 43 21
10 88 24 51 96 48 11 1 8 24 89
6 88 57 62 2 56 55
2
5 86 2 89 51 69
5 7 49 43 2 22
1
5 46 87 39 47 98
6
7 74 82 9 63 92 23 17
10 79 27 42 65 29 83 68 98 66 76
10 62 30 22 98 73 69 85 65 16 36
10 71 62 92 33 77 84 56 95 85 87
6 27 52 3 10 73 54
11 49 54 43 79 76 41 5 97 26 70 13
11
2 37 77
4 22 54 57 30
3 42 18 27
3 22 83 83
7 37 64 96 43 7 28 19
10 33 69 27 55 82 93 35 71 22 7
7 29 64 28 30 58 46 10
11 20 93 15 68 82 79 64 25 87 44 96
9 29 65 66 84 0 60 19 71 82
11 69 11 95 97 94 54 95 4 85 67 49
2 35 31
5
4 56 19 96 4
10 26 70 25 62 70 37 34 93 71 65
4 83 60 11 29
8 6 85 4 74 34 56 61 65
10 13 73 59 62 77 18 40 47 95 2
2
4 88 15 3 53
9 38 14 41 67 32 47 52 36 73
11
5 35 3 81 0 28
3 62 6 59
4 5 6 57 27
10 45 42 93 99 71 32 65 12 51 97
4 4 34 85 42
9 72 98 60 73 26 1 87 84 12
2 42 18
9 69 56 44 11 2 43 82 34 60
7 85 58 59 41 44 44 36
3 69 86 31
6 64 85 81 49 97 71
4
8 70 12 24 15 75 26 10 57
4 71 4 50 81
5 43 25 60 31 48
11 17 79 75 34 16 56 35 14 28 78 82
11
2 6 65
9 85 28 74 49 99 31 99 32 46
7 57 6 26 5 87 96 36
4 30 53 71 65
9 51 95 49 1 37 7 19 54 44
9 28 94 98 11 45 30 58 92 39
8 71 44 56 67 80 70 49 85
3 66 4 92
3 53 94 98
5 65 52 9 64 32
7 62 44 1 44 54 45 35
15
8 79 78 83 11 49 84 49 90
2 53 35
3 59 81 9
4 46 13 33 10
8 89 24 42 42 20 48 87 55
10 4 86 49 39 49 98 24 98 40 74
4 75 38 11 8
11 35 54 13 68 16 11 57 40 5 99 12
5 87 19 23 43 5
4 82 7 22 58
7 63 85 9 90 23 20 99
6 7 5 39 76 22 50
7 14 7 85 27 60 24 46
6 19 4 56 53 11 79
4 68 94 49 78
5
4 50 35 98 58
3 38 34 15
2 71 29
10 56 56 8 32 55 44 51 59 53 5
4 32 69 90 78
3
2 14 42
3 2 40 81
7 30 67 10 71 38 39 19
12
10 79 79 3 24 31 14 77 88 36 61
9 78 91 75 99 57 69 22 59 9
5 6 40 70 16 63
10 8 34 55 56 65 35 11 89 18 25
10 6 13 31 15 91 74 42 42 32 11
8 43 72 71 50 12 93 18 27
6 26 61 9 34 27 96
9 68 66 22 39 24 87 70 91 31
7 33 25 29 44 42 72 17
5 74 81 7 93 9
3 71 22 22
8 1 71 55 70 89 30 9 14
10
3 5 48 28
11 74 9 35 68 82 4 33 56 86 92 1
9 5 73 21 28 31 23 51 86 93
2 16 54
6 34 37 12 34 18 3
2 27 38
2 61 95
6 70 81 6 71 80 64
6 1 92 27 24 95 14
11 35 30 75 42 16 13 6 3 83 9 63
11
11 44 24 94 10 94 27 68 65 7 32 62
3 76 89 85
3 55 55 59
8 82 53 54 95 59 57 78 20
5 41 19 17 17 66
11 11 93 47 28 53 80 42 14 56 84 99
2 39 6
11 77 89 92 32 36 3 41 67 23 14 8
6 83 77 60 62 88 54
2 68 7
4 63 21 98 47
5
10 86 79 69 16 20 13 0 56 16 41
5 91 8 83 86 91
2 46 54
2 52 16
3 59 58 84
9
10 31 5 39 69 36 8 85 56 74 85
6 90 79 40 82 87 23
2 30 36
8 36 36 19 52 57 30 62 93
7 71 24 20 10 94 8 70
3 16 44 69
2 87 48
2 21 87
8 41 69 84 59 6 20 30 10
7
3 25 23 28
8 0 48 58 94 8 80 77 24
9 46 56 64 46 29 37 85 77 30
7 61 89 13 33 72 23 15
7 48 91 13 96 91 13 6
9 21 87 14 97 16 61 5 80 59
8 69 45 63 99 0 76 40 13
15
4 88 25 97 89
10 10 37 59 23 44 96 96 83 63 45
11 76 51 31 35 37 52 80 53 51 32 29
5 97 91 8 38 69
7 27 37 68 16 49 43 12
9 40 95 60 37 46 36 88 29 24
10 81 56 83 84 41 64 28 38 56 36
10 77 93 7 66 13 24 15 57 36 13
11 84 25 86 30 14 27 12 90 5 93 46
2 30 87
6 58 78 12 46 6 41
3 14 8 5
2 23 62
8 88 63 10 66 49 93 80 28
9 70 85 50 68 25 80 56 30 90
11
6 88 92 36 80 58 44
9 48 19 51 27 60 14 89 26 15
4 58 44 39 80
11 42 48 55 74 4 37 17 42 83 5 87
11 37 45 15 26 46 87 77 73 99 91 62
9 59 97 35 3 88 15 84 30 15
3 57 72 80
6 14 64 31 1 35 69
11 3 47 45 42 25 18 41 68 80 70 27
11 57 30 18 72 67 48 39 58 5 11 39
3 26 55 63
8
2 84 78
7 31 23 87 56 41 80 25
6 50 4 3 7 87 21
3 54 22 71
4 79 82 3 11
2 58 74
2 1 10
10 46 41 42 34 50 35 14 27 61 17
16
9 24 18 38 56 72 12 27 37 44
3 92 55 22
3 81 62 52
3 32 50 84
8 84 34 62 51 61 23 68 45
4 92 63 83 0
10 95 79 77 39 41 69 46 15 72 27
11 76 70 61 27 7 88 63 41 2 14 55
9 34 0 70 79 15 53 79 55 48
3 32 40 52
4 86 67 26 66
8 3 88 9 30 95 97 45 89
3 60 44 29
8 96 99 77 11 4 9 67 4
2 51 44
6 5 83 43 32 1 91
12
11 0 17 85 50 62 74 1 74 70 82 73
8 33 50 29 37 59 48 42 31
2 38 55
9 21 98 89 22 89 76 64 90 93
3 92 8 27
7 34 97 28 7 15 61 58
6 99 69 45 93 1 45
3 56 2 53
7 44 27 96 20 43 38 66
6 30 26 71 76 60 68
8 68 35 17 78 80 68 47 25
3 0 22 45
14
8 50 64 20 77 60 93 21 51
3 17 81 37
11 9 97 9 65 17 45 35 47 25 3 95
4 17 47 76 62
6 52 12 20 73 41 33
10 14 84 29 32 17 18 21 27 15 30
6 85 75 79 32 52 83
11 6 52 27 82 14 83 35 26 56 60 19
11 78 34 25 59 66 42 77 87 21 44 69
8 29 45 97 14 49 32 45 56
6 24 38 98 8 25 76
8 85 96 5 15 82 82 74 48
8 51 87 98 96 56 16 77 53
5 43 3 46 89 11
15
5 1 81 73 27 9
11 12 5 46 28 87 28 2 87 5 6 74
7 54 83 71 83 36 36 27
3 34 68 54
9 33 56 98 59 83 7 48 95 65
9 75 4 27 30 92 32 36 18 39
2 1 62
5 90 99 52 33 85
2 88 2
6 44 0 13 27 60 13
6 25 12 50 81 40 80
7 24 16 44 64 58 97 26
5 87 77 88 21 63
2 61 65
6 5 66 79 32 78 45
7
7 57 8 36 49 88 62 74
8 58 38 66 55 64 2 43 42
2 16 5
2 77 70
9 34 88 48 18 18 45 76 73 55
7 10 4 25 24 78 34 82
8 0 37 33 54 32 75 96 0
9
9 77 54 16 11 95 16 29 13 62
10 39 17 43 49 21 20 25 0 54 7
10 7 96 1 61 29 28 58 81 60 57
11 67 25 22 62 41 4 27 3 62 66 72
9 67 94 77 92 46 32 51 66 91
10 20 52 29 48 62 10 61 71 21 28
8 44 42 38 0 21 41 62 88
8 19 55 12 48 0 10 32 51
8 23 51 96 28 80 45 42 43
15
6 64 38 10 60 80 48
2 53 42
6 41 8 93 49 72 94
11 82 26 52 58 50 4 7 30 36 4 72
11 62 86 44 0 49 4 32 97 17 85 91
3 79 51 37
10 23 31 29 5 57 33 16 59 89 23
11 26 27 14 5 41 0 1 41 49 58 25
11 75 10 42 18 89 46 55 69 69 86 50
9 96 84 95 55 73 70 97 51 97
3 9 38 11
2 31 13
2 56 64
9 18 6 66 60 52 21 29 74 60
4 53 56 16 48
4
3 18 60 93
9 71 2 5 35 64 88 0 37 44
6 84 14 22 2 74 75
8 56 49 36 88 54 44 56 2
8
11 20 68 94 39 91 48 96 78 13 84 78
4 80 94 38 94
9 41 21 92 17 77 93 5 17 47
11 25 1 56 74 73 76 69 12 20 17 8
10 82 44 29 36 24 23 75 70 40 16
3 84 85 20
11 42 89 28 91 66 29 99 41 54 28 62
8 0 31 26 98 66 70 79 2
11
5 77 17 95 45 60
4 82 33 13 24
6 42 67 41 23 19 82
10 99 96 44 99 79 71 49 45 93 29
2 40 84
9 9 31 75 69 15 57 54 29 34
11 71 53 70 94 24 4 24 23 52 69 74
3 92 76 29
9 57 29 77 93 58 86 24 33 8
4 43 14 21 29
5 44 34 65 90 59
6
7 34 73 36 61 57 80 37
8 17 94 67 95 87 25 33 63
11 93 55 54 60 76 35 3 72 69 21 63
10 94 78 15 68 14 76 77 94 13 15
3 59 82 58
10 7 44 61 18 89 69 72 49 97 7
6
2 29 78
5 57 72 63 72 92
9 0 69 23 13 84 86 24 66 45
4 26 41 36 44
4 5 69 32 54
10 89 24 57 67 9 67 39 72 91 32
14
4 53 24 57 90
3 82 8 8
6 34 1 40 79 83 97
2 67 52
10 56 28 86 23 90 53 15 14 96 47
8 88 52 92 46 42 3 28 51
5 84 37 16 77 68
2 74 68
11 78 97 76 59 83 99 49 88 14 63 84
5 31 25 18 24 71
2 79 51
5 95 87 53 11 64
3 63 91 90
5 69 87 59 80 22
15
11 62 77 45 98 90 28 23 8 52 46 21
6 97 36 79 85 89 42
3 63 6 92
5 41 14 92 52 94
6 62 76 28 39 73 26
4 1 50 42 6
10 15 42 46 52 73 83 93 15 36 56
5 29 61 14 95 53
8 89 19 81 17 47 72 90 26
6 44 28 49 2 76 64
6 22 16 17 57 62 84
6 18 58 75 80 24 70
7 43 11 5 24 81 4 96
5 30 3 67 58 52
3 35 16 17
10
7 86 19 99 71 65 17 81
2 49 5
4 35 0 25 92
8 6 96 25 30 27 28 49 37
4 23 24 0 40
8 85 27 5 36 50 70 54 31
4 55 88 76 42
11 1 34 17 60 83 42 42 10 70 43 99
6 66 24 55 7 10 92
8 67 29 36 89 35 67 3 90
4
11 85 96 32 19 14 44 2 8 86 64 79
2 64 85
8 40 40 55 2 33 41 69 62
11 10 49 96 13 39 4 92 24 52 76 96
3
3 50 27 7
7 58 89 31 43 38 23 36
7 25 69 87 46 83 16 56
1
7 21 23 21 13 0 25 41
5
8 62 98 75 22 65 33 11 96
10 1 71 64 47 48 85 86 46 68 54
4 52 71 23 28
4 88 28 70 30
10 66 44 26 41 66 92 26 30 40 54
12
4 19 78 60 4
8 7 25 71 61 29 42 37 57
9 77 37 57 7 65 23 52 44 64
2 36 90
2 76 96
6 88 67 14 1 24 31
10 1 2 21 30 96 58 40 83 36 29
2 95 47
5 99 91 79 22 27
3 22 55 70
10 96 37 73 97 61 4 57 62 58 78
7 54 89 85 90 77 66 30
1
5 46 76 4 77 98
4
11 72 87 21 31 83 58 56 32 72 12 89
8 70 19 31 76 60 68 66 37
7 49 14 48 95 90 53 72
10 36 23 12 75 44 43 10 55 51 42
16
5 83 13 85 55 97
6 15 65 80 5 0 29
3 49 76 61
6 1 1 90 24 13 66
3 9 28 76
2 71 55
8 6 20 61 61 17 75 29 83
10 34 35 89 5 84 18 18 90 19 19
3 43 84 99
8 45 79 92 6 2 99 34 9
2 95 22
9 23 51 72 83 37 8 24 94 44
4 12 35 61 83
10 57 20 19 73 65 98 18 23 1 17
9 62 37 5 84 27 80 88 99 63
7 59 87 72 4 82 36 91
12
2 59 0
4 30 74 57 28
4 33 81 61 42
5 99 99 28 78 79
8 77 94 93 37 34 65 93 16
4 84 59 74 95
4 66 25 38 75
5 82 60 87 43 3
2 94 2
2 72 82
10 2 28 72 39 62 89 84 30 43 68
4 17 63 54 35
13
4 63 93 74 23
2 17 78
5 12 81 25 36 15
6 38 95 28 29 58 69
5 88 13 33 82 30
10 36 18 88 80 81 82 54 56 14 24
7 29 88 68 55 24 35 59
7 30 39 44 88 8 58 29
3 43 11 4
4 0 22 80 80
7 14 87 63 29 63 50 58
5 18 65 27 53 24
4 84 15 39 24
9
11 5 97 92 69 1 84 69 75 65 1 82
11 88 46 60 3 96 71 6 67 36 86 72
5 28 56 28 19 33
6 68 90 2 61 59 3
7 28 79 62 82 13 94 70
3 6 74 60
9 80 27 66 66 99 79 47 8 59
10 93 64 87 83 66 0 43 69 45 23
2 60 57
7
8 28 77 12 54 37 90 86 64
8 5 16 87 4 76 46 22 69
2 61 4
8 61 99 98 59 75 50 19 32
8 77 12 94 89 66 31 79 5
10 87 62 16 26 66 44 73 40 65 35
4 69 64 63 21
15
6 96 64 45 28 81 22
3 27 12 59
2 43 16
2 83 78
8 9 96 70 34 37 35 22 91
9 86 6 78 52 81 74 16 26 54
11 49 47 28 13 59 39 56 75 49 39 6
10 1 2 98 87 91 86 9 34 43 47
3 21 99 74
9 68 52 1 17 53 49 46 66 8
9 75 35 38 66 41 66 67 96 65
7 87 3 16 22 46 64 15
11 15 89 66 83 93 19 1 47 68 99 13
10 88 40 64 26 7 57 93 26 53 10
3 41 13 50
16
3 14 30 30
3 71 48 65
6 67 18 11 88 69 77
10 57 17 84 83 76 42 28 3 95 38
8 88 3 86 3 14 52 85 96
6 8 96 99 25 16 17
8 56 86 65 24 95 35 9 30
3 51 59 14
10 49 51 87 5 37 42 71 42 80 68
8 88 16 27 13 32 44 2 40
4 19 65 29 54
8 59 18 29 70 32 27 20 35
6 77 25 9 48 67 89
10 95 29 85 22 95 69 18 49 10 52
10 27 81 75 53 40 93 82 63 77 61
7 13 28 12 90 37 60 57
15
11 52 7 66 26 2 35 44 51 97 96 72
8 77 47 81 69 92 63 32 21
9 19 86 5 31 76 42 92 85 72
5 89 79 39 15 34
8 59 37 76 55 61 52 84 60
6 6 52 49 90 26 26
2 12 31
3 41 25 85
8 97 58 16 29 49 31 15 76
5 52 52 50 14 4
7 74 90 93 79 40 83 57
8 45 69 50 39 10 75 76 89
7 87 5 54 36 88 69 12
3 73 16 82
11 73 69 66 63 62 45 55 97 54 74 95
8
6 86 86 51 62 75 28
11 32 82 86 20 3 50 4 29 19 38 68
6 7 34 7 21 31 15
2 85 89
9 61 65 3 47 16 66 74 45 15
10 79 53 30 35 56 34 64 75 24 84
11 31 19 78 4 2 93 75 88 34 92 1
11 48 0 68 14 74 65 81 84 96 87 14
16
5 1 47 70 25 32
3 9 3 19
5 5 65 40 45 51
7 46 3 33 46 71 99 72
10 80 56 84 19 23 68 62 76 15 84
3 99 25 62
4 45 76 60 62
10 5 13 53 52 16 86 50 39 85 23
9 18 31 64 89 6 32 52 82 99
10 36 51 14 98 5 11 26 65 25 95
3 38 48 75
9 87 25 98 24 0 78 94 84 42
6 90 26 88 25 77 76
3 80 90 11
8 53 38 51 78 33 22 69 33
9 28 20 75 26 45 75 4 91 11
11
7 54 76 63 79 6 40 92
8 82 3 72 36 41 24 66 26
10 35 60 48 63 32 23 42 77 50 98
3 62 97 96
8 25 60 47 31 52 39 18 34
4 90 22 36 66
11 62 65 76 74 13 40 7 88 82 36 38
4 57 52 29 54
2 7 66
9 38 18 6 56 4 49 99 27 37
7 68 99 82 44 74 47 36
6
7 18 69 74 3 27 78 32
3 99 39 47
8 30 17 25 38 21 26 37 48
5 55 16 62 37 13
10 37 49 21 72 20 91 98 23 18 77
9 51 76 99 50 94 29 67 19 67
5
7 57 37 60 12 5 23 1
10 63 38 20 37 11 40 28 61 63 98
10 70 1 66 69 51 13 50 18 32 18
10 30 75 47 90 39 5 65 92 23 81
3 95 18 94
8
10 55 98 48 46 21 49 12 42 0 77
5 70 62 63 28 44
2 76 34
11 81 52 21 56 85 4 4 3 50 39 1
8 90 1 4 63 50 68 5 2
8 98 72 8 13 52 52 3 80
10 32 13 42 6 22 27 62 26 30 13
9 83 71 7 84 75 70 86 43 28
9
3 26 12 49
2 65 53
7 97 92 80 63 34 38 85
4 0 63 44 65
2 80 36
2 64 11
4 51 7 90 91
10 69 4 50 61 21 3 56 70 47 36
5 34 74 70 48 27
10
6 92 66 24 29 58 41
4 20 44 51 63
7 52 32 91 2 93 12 57
3 83 5 38
8 91 64 39 39 91 72 83 36
2 60 17
2 1 9
3 45 13 84
4 65 68 24 67
3 88 24 62
16
3 52 40 72
11 79 63 60 3 99 48 46 59 65 46 60
9 67 57 40 3 89 5 71 65 24
6 54 48 99 77 82 51
9 54 20 96 70 33 52 69 81 98
10 99 44 40 26 64 97 66 19 38 23
3 56 47 27
2 47 26
9 29 30 57 36 50 5 6 35 57
9 69 55 55 68 0 47 46 16 96
6 35 86 87 26 42 86
8 4 33 32 44 15 14 1 51
7 6 9 52 64 36 21 71
5 41 23 42 87 39
10 51 75 24 90 53 19 76 59 23 10
6 67 25 58 20 28 75
16
11 28 95 77 1 66 72 43 90 14 82 29
6 34 56 28 24 10 47
5 21 23 63 65 42
2 76 63
2 3 94
3 31 89 38
7 55 10 80 97 76 62 27
2 48 83
2 25 45
2 78 67
5 93 84 25 85 60
2 57 64
8 18 47 75 56 84 31 18 64
2 94 27
9 26 75 43 86 52 40 46 30 7
3 75 44 59
13
8 99 17 72 86 35 20 13 43
6 96 61 21 77 7 48
8 85 75 79 24 80 72 70 10
3 52 86 75
3 98 32 62
10 4 0 3 76 14 99 33 62 12 54
11 72 54 76 57 81 7 81 61 79 4 24
3 8 62 38
3 12 22 33
2 79 86
8 55 52 35 40 14 47 46 54
3 52 30 81
6 89 62 47 69 18 23
9
8 85 70 97 98 93 83 30 72
11 66 79 21 1 72 87 1 18 41 24 71
5 5 57 13 68 4
6 38 80 66 65 65 88
6 15 81 97 46 5 18
6 37 91 18 9 79 71
11 72 95 50 96 1 59 61 21 16 95 59
8 13 76 13 1 91 29 35 40
9 40 59 43 29 50 61 90 81 32
11
6 28 72 2 29 32 63
2 48 10
3 96 23 38
11 24 29 38 59 69 17 52 28 61 81 31
6 24 12 7 94 18 87
10 20 68 50 35 18 50 45 31 46 20
11 56 45 98 46 56 20 16 8 0 29 42
3 3 66 96
4 12 14 49 30
9 17 33 22 87 83 20 19 82 40
10 90 37 39 36 94 59 4 2 59 33
9
3 37 62 39
11 74 5 1 5 92 18 38 67 58 73 39
11 7 31 17 97 69 56 86 63 67 42 17
9 76 14 70 13 76 9 64 3 14
7 60 59 36 50 78 94 23
9 23 83 48 92 80 69 1 18 32
10 61 2 47 89 16 17 54 44 26 18
9 93 36 7 4 24 57 34 18 33
3 93 16 51
2
10 21 90 19 5 11 32 7 58 21 75
8 75 20 54 45 19 99 81 79
12
7 88 89 75 73 92 20 41
6 10 42 17 0 61 74
3 45 34 22
8 9 98 93 81 4 38 1 4
4 32 11 77 20
3 5 46 93
9 87 89 87 29 58 40 42 33 3
9 67 25 5 28 75 98 10 32 37
5 88 9 95 99 38
9 0 95 13 94 73 1 35 12 82
6 4 25 79 8 12 46
7 70 26 13 68 36 45 57
12
5 18 46 32 9 66
5 4 79 79 29 32
8 94 67 60 98 92 39 58 56
9 44 26 64 9 47 52 54 4 52
11 75 50 71 84 16 56 40 48 87 70 32
6 64 99 14 14 43 6
5 52 95 69 30 11
10 77 64 84 34 68 23 9 18 46 45
9 3 85 87 42 55 71 96 71 71
5 38 66 69 11 70
8 32 1 28 10 30 92 46 16
2 69 77
11
9 22 17 70 8 56 13 15 28 61
11 51 24 77 17 45 88 40 62 72 93 90
6 23 82 80 92 94 1
11 24 68 44 94 91 52 2 56 19 30 17
10 81 94 35 51 39 75 91 1 47 84
5 81 59 77 13 3
3 14 73 48
5 17 94 26 21 96
4 40 79 51 99
2 45 86
5 85 62 54 38 9
7
4 43 2 59 56
7 83 71 78 83 6 47 29
4 20 25 66 13
8 17 64 17 63 50 80 0 12
9 38 74 29 72 69 31 84 25 37
11 48 67 2 6 67 31 90 87 8 56 52
7 26 16 34 89 67 66 41
16
5 31 57 83 4 26
6 40 4 3 59 4 71
3 11 38 44
3 77 4 58
2 21 36
10 55 25 17 22 18 49 27 49 58 62
7 37 29 45 41 32 4 97
5 17 8 93 13 10
5 18 20 5 39 56
5 47 33 21 21 3
4 0 52 32 63
2 69 92
7 62 24 12 12 80 29 20
7 43 82 0 13 54 5 52
4 61 51 95 34
6 50 8 25 3 92 88
2
6 80 20 28 56 32 40
10 14 61 66 57 43 66 70 50 24 74
9
9 78 60 71 2 10 31 27 65 23
7 30 37 47 3 66 56 35
8 96 1 19 62 58 63 81 80
7 5 7 77 42 85 37 65
9 0 96 67 65 19 34 48 9 34
3 75 90 38
3 86 40 1
3 50 16 82
3 33 39 90
15
3 75 0 46
6 52 94 33 69 13 68
9 22 2 20 49 44 11 83 82 51
8 83 53 4 17 36 37 56 26
11 37 53 99 35 20 51 29 53 21 95 21
2 69 75
3 71 19 22
6 2 25 90 37 78 46
7 15 83 11 41 82 1 95
6 88 67 85 70 20 58
9 94 49 38 69 12 9 41 86 63
7 11 5 32 89 3 39 56
8 51 98 21 4 45 7 44 12
6 14 84 3 31 78 4
4 0 68 31 93
3
9 88 65 4 72 6 8 12 63 46
5 13 67 19 10 26
5 74 71 78 10 74
14
11 30 83 41 98 67 86 4 14 74 21 18
8 27 26 58 42 25 73 7 92
6 17 71 8 43 42 38
6 68 51 95 98 87 36
10 54 22 52 20 48 73 38 46 52 17
7 95 42 30 54 86 75 72
9 83 15 99 73 21 67 24 16 17
5 4 65 17 78 69
9 26 94 28 73 47 45 30 94 87
4 48 25 87 72
5 22 40 34 95 61
4 72 78 71 35
4 89 5 13 58
4 39 53 70 64
5
9 46 46 6 59 94 32 46 67 67
3 7 1 68
2 55 40
10 27 28 33 16 33 46 26 27 37 31
10 54 83 17 0 29 24 59 76 8 58
4
7 31 54 28 99 74 84 92
7 11 20 58 79 53 56 57
2 93 89
2 47 72
5
2 54 24
3 82 84 69
9 11 0 31 39 52 57 23 44 82
8 64 92 17 17 48 75 49 94
6 80 93 88 80 93 94
13
7 76 92 26 53 3 79 36
4 31 46 66 27
10 4 91 21 22 60 21 97 61 15 13
5 61 1 25 54 96
3 11 24 25
10 78 28 17 66 23 0 12 41 27 93
7 18 66 67 30 87 16 91
7 29 85 16 31 10 22 79
6 34 3 69 72 33 50
3 52 73 41
8 14 68 9 59 38 75 79 20
7 95 11 70 77 48 38 8
11 60 39 55 94 94 76 66 28 26 59 32
4
2 48 65
2 58 77
2 33 56
2 0 3
7
2 80 42
10 40 53 21 79 8 15 26 85 34 54
5 93 86 15 46 34
2 66 44
9 29 30 65 59 30 69 5 53 1
10 61 42 1 34 73 62 50 99 99 36
7 62 29 43 77 27 30 10
3
6 67 75 56 85 86 87
6 92 40 7 40 53 49
5 88 75 55 90 26
11
8 32 69 7 27 98 35 57 8
3 84 28 8
2 13 94
11 19 86 71 26 78 25 28 72 65 3 79
9 29 38 33 13 7 92 41 57 27
2 18 60
6 46 68 27 11 63 6
2 1 78
10 80 55 36 4 72 39 83 79 21 21
6 34 80 56 27 90 36
10 8 96 64 6 17 43 69 32 2 51
6
4 59 65 87 48
11 11 39 5 90 60 78 54 95 11 62 74
5 98 52 13 47 69
3 64 12 40
8 14 43 81 46 54 47 85 2
10 96 42 73 38 2 4 44 49 67 7
1
2 5 28
14
6 97 4 68 62 96 64
8 39 98 23 93 45 60 96 13
9 90 39 95 44 95 40 46 62 99
4 82 56 50 67
3 0 71 29
6 67 46 90 58 44 65
3 41 26 99
8 35 41 45 82 86 92 74 32
6 73 6 88 30 8 55
5 60 78 72 74 97
2 17 55
6 82 59 7 60 10 14
9 52 11 30 90 4 4 74 10 30
2 99 60
1
8 55 49 85 79 23 34 50 40
7
8 75 49 24 87 11 90 35 63
3 65 5 57
3 79 68 51
11 19 63 0 77 18 1 14 98 76 49 0
11 39 16 44 40 92 83 3 82 18 67 36
7 24 93 57 4 61 60 15
4 24 67 10 94
1
6 92 45 73 44 66 64
2
4 56 5 45 60
2 64 79
1
3 3 69 60
12
3 21 27 63
7 94 25 39 63 50 84 60
7 28 26 40 41 88 48 99
7 8 39 1 39 15 53 43
6 13 54 67 34 81 83
3 76 8 23
3 10 59 3
8 39 81 78 81 21 26 32 6
9 71 8 26 38 13 69 74 26 24
4 13 5 77 96
5 37 19 24 48 78
9 86 18 8 64 51 29 42 83 88
10
8 96 56 96 9 77 70 87 53
6 52 11 41 49 44 79
10 21 79 47 0 65 17 9 29 68 90
5 3 30 53 61 26
3 57 87 38
11 27 44 44 79 55 85 28 51 16 49 72
7 48 73 60 65 34 41 85
8 65 40 7 18 53 85 31 10
5 69 89 52 65 85
3 20 71 12
13
11 13 96 35 61 69 95 78 3 89 15 32
6 55 39 24 60 24 55
2 49 76
3 1 42 49
7 14 20 49 38 59 62 35
8 75 56 42 53 12 31 68 44
9 75 83 13 35 7 68 57 9 96
2 10 90
11 47 5 41 96 95 53 10 30 99 85 87
5 38 99 76 58 43
5 85 78 26 20 37
8 29 46 95 2 57 85 71 56
4 65 53 38 18
4
2 69 49
9 63 39 58 39 50 53 5 35 31
5 8 69 82 37 67
9 91 24 14 63 81 57 80 86 47
3
3 67 19 2
9 82 42 37 74 44 43 31 79 74
6 87 95 48 77 63 25
13
11 92 83 72 1 63 10 48 13 12 67 33
6 46 67 8 36 41 52
11 72 32 5 39 71 53 87 0 68 65 69
9 57 4 32 58 68 42 58 33 54
7 18 21 24 86 29 60 27
6 91 52 66 96 91 89
3 78 90 69
5 11 29 0 15 13
2 35 55
10 69 62 46 87 83 70 73 64 82 53
10 25 5 16 21 48 6 75 78 48 44
4 59 25 74 26
10 37 62 94 5 83 8 51 70 43 73
13
9 55 1 6 80 58 74 54 58 32
3 36 80 25
2 91 3
9 70 41 74 32 87 79 15 95 83
9 38 56 85 98 64 38 56 96 48
2 2 6
5 83 43 95 61 53
11 64 90 9 5 16 41 93 96 8 40 31
9 79 87 35 29 3 25 85 52 74
7 54 80 30 90 75 78 51
11 17 15 71 26 72 88 19 17 36 79 58
9 76 89 6 63 18 62 89 3 14
7 70 68 95 53 58 71 31
14
4 48 28 23 26
3 63 45 70
11 24 28 18 52 17 25 68 87 87 9 42
3 24 65 21
3 18 32 94
3 93 46 49
4 22 75 75 37
4 45 37 96 26
7 0 95 32 68 83 19 77
9 72 1 42 46 25 12 78 19 13
5 18 14 45 92 41
4 29 13 18 18
3 96 26 62
3 58 30 74
7
2 4 54
3 46 0 86
11 78 58 24 2 76 39 99 20 80 24 49
8 94 20 7 90 46 69 81 56
4 8 38 12 12
5 25 10 45 64 69
8 22 46 30 50 37 81 70 17
10
3 15 99 43
5 89 89 92 23 98
8 31 36 8 43 81 34 53 79
10 75 55 20 73 37 22 10 18 44 27
8 15 43 75 59 18 17 0 62
2 50 59
5 39 67 66 72 53
3 51 51 98
10 23 71 95 45 81 66 89 61 42 57
8 69 68 26 86 20 88 78 71
16
3 10 67 19
4 20 43 86 72
3 44 47 65
4 45 98 58 34
3 52 43 67
3 63 93 8
6 34 38 55 81 40 17
2 59 99
3 54 37 45
8 82 92 13 26 37 11 36 24
5 88 19 42 9 83
10 69 67 22 8 74 55 0 91 56 11
4 77 66 80 74
6 14 66 27 92 56 38
10 80 13 16 51 8 77 34 96 47 53
2 7 27
10
9 70 81 70 65 10 36 97 36 50
3 3 77 3
3 68 31 91
5 99 42 41 76 29
11 75 82 59 82 62 85 41 32 18 12 97
3 0 94 17
3 57 72 80
4 83 0 95 26
6 94 69 27 23 50 17
10 32 76 81 94 13 74 79 32 38 76
10
11 23 82 90 80 55 22 45 38 23 40 65
11 87 86 88 10 36 5 8 20 34 41 67
11 16 46 83 54 74 48 93 97 31 35 30
10 58 75 76 33 67 93 42 54 31 30
6 19 88 25 40 74 66
11 73 34 5 57 41 31 57 86 81 88 22
3 26 32 38
7 65 57 48 59 12 32 41
10 51 81 5 43 55 72 2 81 58 59
2 99 91
16
10 72 88 12 35 14 44 73 21 61 82
2 20 94
6 61 75 5 95 80 49
4 4 51 83 15
5 25 66 54 73 4
8 13 16 61 27 12 86 49 73
10 71 93 15 25 7 42 82 54 74 31
8 31 35 40 46 98 17 64 4
4 69 82 55 37
5 35 50 81 84 23
3 7 69 68
6 28 10 66 82 37 50
10 68 37 30 66 87 0 30 43 42 99
7 98 37 20 33 39 1 69
4 54 28 83 23
4 11 85 30 45
15
4 36 90 21 18
8 60 18 87 3 61 38 28 11
9 0 44 66 1 65 29 8 93 64
3 57 28 16
9 73 39 72 9 81 93 80 90 6
10 77 9 11 67 90 22 95 90 18 61
6 83 42 4 76 7 35
5 35 3 73 60 94
9 22 76 42 2 18 48 0 95 10
4 62 52 86 9
6 5 71 38 88 13 94
9 72 29 2 7 85 75 68 31 72
2 59 15
6 77 15 44 72 25 8
9 77 95 96 72 0 19 62 40 33
10
9 5 38 60 65 75 35 85 7 60
9 66 27 71 44 42 67 68 20 76
7 97 23 4 21 75 23 84
7 8 93 73 66 83 33 83
11 20 68 66 32 95 84 11 18 28 54 85
11 26 13 56 23 36 60 97 63 36 33 79
8 26 52 62 9 37 45 20 9
7 38 94 12 23 5 30 3
3 68 52 37
3 61 13 70
14
2 33 9
5 12 6 69 16 20
2 5 66
5 67 83 41 61 96
8 18 26 72 30 94 76 19 28
9 32 98 11 42 83 72 85 48 78
8 16 51 89 22 69 92 41 52
7 54 48 54 24 27 26 54
5 2 26 1 92 58
3 3 53 35
7 38 83 6 97 99 9 38
5 78 82 66 30 67
2 31 21
7 58 99 51 31 54 77 85
11
10 36 1 41 71 28 31 6 86 28 58
7 66 31 25 48 98 56 68
2 39 41
9 49 41 71 32 47 48 17 93 36
8 46 77 77 74 9 36 13 89
6 8 8 77 86 8 27
4 76 50 33 70
9 82 63 88 66 10 89 84 55 25
2 53 55
11 79 16 7 92 57 1 53 65 31 39 74
10 33 2 8 66 24 78 0 87 66 66
10
7 2 4 33 44 57 40 64
9 56 23 29 13 25 34 31 56 73
9 66 58 59 27 24 84 5 76 23
3 43 21 79
9 77 64 42 35 4 6 24 12 29
5 77 6 40 8 14
5 65 33 72 77 60
10 13 65 25 36 88 20 9 67 17 87
3 59 74 87
9 98 99 99 3 29 57 43 37 72
10
7 5 33 84 17 33 49 82
2 85 70
2 47 90
2 86 21
3 60 61 29
2 60 80
5 89 37 9 79 61
10 86 18 3 22 35 36 71 17 47 8
2 29 7
2 81 93
4
5 5 12 74 15 25
6 81 66 43 90 97 5
2 35 75
7 57 11 51 80 80 50 41
13
2 48 50
5 94 54 6 51 66
2 19 43
8 0 62 82 42 59 39 54 47
6 69 4 25 72 37 6
7 30 78 7 30 29 20 24
5 27 28 1 59 47
7 98 47 59 80 41 18 19
7 65 85 16 22 63 88 11
11 63 41 47 22 23 28 43 0 11 70 28
5 81 75 10 79 74
3 11 15 39
2 62 57
13
10 31 31 18 94 52 34 87 99 56 10
2 99 10
3 21 90 56
5 65 18 82 91 39
6 6 31 76 20 40 44
10 23 75 69 17 27 3 56 79 11 66
3 11 29 2
6 19 11 87 37 29 22
10 21 68 87 52 96 7 44 93 58 67
2 27 36
10 82 92 79 93 10 90 56 91 44 41
5 7 80 0 37 2
2 10 22
16
6 19 27 58 12 85 77
4 64 13 32 46
9 63 91 67 5 48 59 2 41 22
11 21 74 98 76 6 8 98 26 22 69 5
4 33 42 9 18
8 74 2 4 31 66 95 51 23
5 10 25 84 84 35
8 10 33 34 16 94 84 94 16
6 99 1 39 93 10 57
11 85 60 3 68 78 99 19 1 94 81 27
3 65 14 89
9 47 23 96 41 7 90 10 13 42
3 53 35 73
2 87 10
4 42 79 0 93
10 54 88 80 81 19 97 47 8 77 46
12
5 40 90 15 50 56
11 13 9 97 38 71 84 49 94 26 28 46
2 78 0
2 10 33
3 8 80 91
7 27 74 10 67 16 25 69
4 87 34 81 84
4 5 68 73 99
8 53 97 18 32 98 30 42 31
3 2 12 4
9 91 78 49 10 95 27 31 19 14
9 53 98 89 58 18 15 9 16 68
11
7 0 4 17 95 88 31 97
4 35 37 43 14
8 5 61 13 36 32 27 53 85
9 94 95 95 9 4 64 30 63 99
4 19 68 77 7
11 75 59 35 64 54 1 50 59 62 16 47
8 95 52 32 73 47 79 20 8
6 84 90 99 35 73 18
6 50 78 55 77 89 90
3 44 91 44
7 5 12 3 52 7 7 36
5
6 15 53 15 51 89 5
2 77 30
3 81 81 51
10 10 40 79 52 36 22 48 92 80 12
9 84 19 54 72 4 61 87 9 28
12
10 85 93 75 16 66 8 97 17 97 7
10 28 11 94 2 11 38 82 23 85 18
7 92 90 99 53 30 8 81
3 58 66 14
6 82 81 94 31 50 43
3 8 71 2
7 26 66 45 8 41 31 79
8 23 21 35 28 51 95 9 72
6 27 39 40 10 72 34
5 22 30 84 83 1
11 90 27 5 35 88 46 18 19 35 41 40
4 21 92 18 30
5
6 58 7 64 20 31 50
5 6 32 50 89 34
11 31 13 94 18 53 92 37 72 27 30 65
2 52 57
2 82 25
5
4 33 60 64 16
4 30 22 95 80
5 81 69 94 94 15
5 0 7 2 24 35
4 89 37 84 98
6
11 24 1 63 9 61 28 25 75 58 0 70
10 63 51 7 10 98 22 23 98 81 77
4 68 9 64 5
6 62 62 65 38 15 28
11 28 8 77 4 66 77 74 56 40 78 63
2 76 37
10
8 71 2 48 39 64 64 45 10
9 59 75 17 75 55 17 3 64 94
11 82 23 86 39 63 64 54 66 40 44 43
8 15 98 66 54 14 31 99 24
2 59 51
9 86 6 44 89 22 90 49 5 13
7 44 29 51 98 47 43 42
4 9 57 40 27
4 6 10 63 30
2 74 81
3000
2 1 1000000
2 1 1000000
2 1 1000000
2 1 1000000
2 1 1000000
2 1 1000000
2 1 1000000
2 1 1000000
2 1 1000000
2 1 1000000
2 1 1000000
2 1 1000000
2 1 1000000
2 1 1000000
2 1 1000000
2 1 1000000
2 1 1000000
2 1 1000000
2 1 1000000
2 1 1000000
2 1 1000000
2 1 1000000
2 1 1000000
2 1 1000000
2 1 1000000
2 1 1000000
2 1 1000000
2 1 1000000
2 1 1000000
2 1 1000000
2 1 1000000
2 1 1000000
2 1 1000000
2 1 1000000
2 1 1000000
2 1 1000000
2 1 1000000
2 1 1000000
2 1 1000000
2 1 1000000
2 1 1000000
2 1 1000000
2 1 1000000
2 1 1000000
2 1 1000000
2 1 1000000
2 1 1000000
2 1 1000000
2 1 1000000
2 1 1000000
2 1 1000000
2 1 1000000
2 1 1000000
2 1 1000000
2 1 1000000
2 1 1000000
2 1 1000000
2 1 1000000
2 1 1000000
2 1 1000000
2 1 1000000
2 1 1000000
2 1 1000000
2 1 1000000
2 1 1000000
2 1 1000000
2 1 1000000
2 1 1000000
2 1 1000000
2 1 1000000
2 1 1000000
2 1 1000000
2 1 1000000
2 1 1000000
2 1 1000000
2 1 1000000
2 1 1000000
2 1 1000000
2 1 1000000
2 1 1000000
2 1 1000000
2 1 1000000
2 1 1000000
2 1 1000000
2 1 1000000
2 1 1000000
2 1 1000000
2 1 1000000
2 1 1000000
2 1 1000000
2 1 1000000
2 1 1000000
2 1 1000000
2 1 1000000
2 1 1000000
2 1 1000000
2 1 1000000
2 1 1000000
2 1 1000000
2 1 1000000
2 1 1000000
2 1 1000000
2 1 1000000
2 1 1000000
2 1 1000000
2 1 1000000
2 1 1000000
2 1 1000000
2 1 1000000
2 1 1000000
2 1 1000000
2 1 1000000
2 1 1000000
2 1 1000000
2 1 1000000
2 1 1000000
2 1 1000000
2 1 1000000
2 1 1000000
2 1 1000000
2 1 1000000
2 1 1000000
2 1 1000000
2 1 1000000
2 1 1000000
2 1 1000000
2 1 1000000
2 1 1000000
2 1 1000000
2 1 1000000
2 1 1000000
2 1 1000000
2 1 1000000
2 1 1000000
2 1 1000000
2 1 1000000
2 1 1000000
2 1 1000000
2 1 1000000
2 1 1000000
2 1 1000000
2 1 1000000
2 1 1000000
2 1 1000000
2 1 1000000
2 1 1000000
2 1 1000000
2 1 1000000
2 1 1000000
2 1 1000000
2 1 1000000
2 1 1000000
2 1 1000000
2 1 1000000
2 1 1000000
2 1 1000000
2 1 1000000
2 1 1000000
2 1 1000000
2 1 1000000
2 1 1000000
2 1 1000000
2 1 1000000
2 1 1000000
2 1 1000000
2 1 1000000
2 1 1000000
2 1 1000000
2 1 1000000
2 1 1000000
2 1 1000000
2 1 1000000
2 1 1000000
2 1 1000000
2 1 1000000
2 1 1000000
2 1 1000000
2 1 1000000
2 1 1000000
2 1 1000000
2 1 1000000
2 1 1000000
2 1 1000000
2 1 1000000
2 1 1000000
2 1 1000000
2 1 1000000
2 1 1000000
2 1 1000000
2 1 1000000
2 1 1000000
2 1 1000000
2 1 1000000
2 1 1000000
2 1 1000000
2 1 1000000
2 1 1000000
2 1 1000000
2 1 1000000
2 1 1000000
2 1 1000000
2 1 1000000
2 1 1000000
2 1 1000000
2 1 1000000
2 1 1000000
2 1 1000000
2 1 1000000
2 1 1000000
2 1 1000000
2 1 1000000
2 1 1000000
2 1 1000000
2 1 1000000
2 1 1000000
2 1 1000000
2 1 1000000
2 1 1000000
2 1 1000000
2 1 1000000
2 1 1000000
2 1 1000000
2 1 1000000
2 1 1000000
2 1 1000000
2 1 1000000
2 1 1000000
2 1 1000000
2 1 1000000
2 1 1000000
2 1 1000000
2 1 1000000
2 1 1000000
2 1 1000000
2 1 1000000
2 1 1000000
2 1 1000000
2 1 1000000
2 1 1000000
2 1 1000000
2 1 1000000
2 1 1000000
2 1 1000000
2 1 1000000
2 1 1000000
2 1 1000000
2 1 1000000
2 1 1000000
2 1 1000000
2 1 1000000
2 1 1000000
2 1 1000000
2 1 1000000
2 1 1000000
2 1 1000000
2 1 1000000
2 1 1000000
2 1 1000000
2 1 1000000
2 1 1000000
2 1 1000000
2 1 1000000
2 1 1000000
2 1 1000000
2 1 1000000
2 1 1000000
2 1 1000000
2 1 1000000
2 1 1000000
2 1 1000000
2 1 1000000
2 1 1000000
2 1 1000000
2 1 1000000
2 1 1000000
2 1 1000000
2 1 1000000
2 1 1000000
2 1 1000000
2 1 1000000
2 1 1000000
2 1 1000000
2 1 1000000
2 1 1000000
2 1 1000000
2 1 1000000
2 1 1000000
2 1 1000000
2 1 1000000
2 1 1000000
2 1 1000000
2 1 1000000
2 1 1000000
2 1 1000000
2 1 1000000
2 1 1000000
2 1 1000000
2 1 1000000
2 1 1000000
2 1 1000000
2 1 1000000
2 1 1000000
2 1 1000000
2 1 1000000
2 1 1000000
2 1 1000000
2 1 1000000
2 1 1000000
2 1 1000000
2 1 1000000
2 1 1000000
2 1 1000000
2 1 1000000
2 1 1000000
2 1 1000000
2 1 1000000
2 1 1000000
2 1 1000000
2 1 1000000
2 1 1000000
2 1 1000000
2 1 1000000
2 1 1000000
2 1 1000000
2 1 1000000
2 1 1000000
2 1 1000000
2 1 1000000
2 1 1000000
2 1 1000000
2 1 1000000
2 1 1000000
2 1 1000000
2 1 1000000
2 1 1000000
2 1 1000000
2 1 1000000
2 1 1000000
2 1 1000000
2 1 1000000
2 1 1000000
2 1 1000000
2 1 1000000
2 1 1000000
2 1 1000000
2 1 1000000
2 1 1000000
2 1 1000000
2 1 1000000
2 1 1000000
2 1 1000000
2 1 1000000
2 1 1000000
2 1 1000000
2 1 1000000
2 1 1000000
2 1 1000000
2 1 1000000
2 1 1000000
2 1 1000000
2 1 1000000
2 1 1000000
2 1 1000000
2 1 1000000
2 1 1000000
2 1 1000000
2 1 1000000
2 1 1000000
2 1 1000000
2 1 1000000
2 1 1000000
2 1 1000000
2 1 1000000
2 1 1000000
2 1 1000000
2 1 1000000
2 1 1000000
2 1 1000000
2 1 1000000
2 1 1000000
2 1 1000000
2 1 1000000
2 1 1000000
2 1 1000000
2 1 1000000
2 1 1000000
2 1 1000000
2 1 1000000
2 1 1000000
2 1 1000000
2 1 1000000
2 1 1000000
2 1 1000000
2 1 1000000
2 1 1000000
2 1 1000000
2 1 1000000
2 1 1000000
2 1 1000000
2 1 1000000
2 1 1000000
2 1 1000000
2 1 1000000
2 1 1000000
2 1 1000000
2 1 1000000
2 1 1000000
2 1 1000000
2 1 1000000
2 1 1000000
2 1 1000000
2 1 1000000
2 1 1000000
2 1 1000000
2 1 1000000
2 1 1000000
2 1 1000000
2 1 1000000
2 1 1000000
2 1 1000000
2 1 1000000
2 1 1000000
2 1 1000000
2 1 1000000
2 1 1000000
2 1 1000000
2 1 1000000
2 1 1000000
2 1 1000000
2 1 1000000
2 1 1000000
2 1 1000000
2 1 1000000
2 1 1000000
2 1 1000000
2 1 1000000
2 1 1000000
2 1 1000000
2 1 1000000
2 1 1000000
2 1 1000000
2 1 1000000
2 1 1000000
2 1 1000000
2 1 1000000
2 1 1000000
2 1 1000000
2 1 1000000
2 1 1000000
2 1 1000000
2 1 1000000
2 1 1000000
2 1 1000000
2 1 1000000
2 1 1000000
2 1 1000000
2 1 1000000
2 1 1000000
2 1 1000000
2 1 1000000
2 1 1000000
2 1 1000000
2 1 1000000
2 1 1000000
2 1 1000000
2 1 1000000
2 1 1000000
2 1 1000000
2 1 1000000
2 1 1000000
2 1 1000000
2 1 1000000
2 1 1000000
2 1 1000000
2 1 1000000
2 1 1000000
2 1 1000000
2 1 1000000
2 1 1000000
2 1 1000000
2 1 1000000
2 1 1000000
2 1 1000000
2 1 1000000
2 1 1000000
2 1 1000000
2 1 1000000
2 1 1000000
2 1 1000000
2 1 1000000
2 1 1000000
2 1 1000000
2 1 1000000
2 1 1000000
2 1 1000000
2 1 1000000
2 1 1000000
2 1 1000000
2 1 1000000
2 1 1000000
2 1 1000000
2 1 1000000
2 1 1000000
2 1 1000000
2 1 1000000
2 1 1000000
2 1 1000000
2 1 1000000
2 1 1000000
2 1 1000000
2 1 1000000
2 1 1000000
2 1 1000000
2 1 1000000
2 1 1000000
2 1 1000000
2 1 1000000
2 1 1000000
2 1 1000000
2 1 1000000
2 1 1000000
2 1 1000000
2 1 1000000
2 1 1000000
2 1 1000000
2 1 1000000
2 1 1000000
2 1 1000000
2 1 1000000
2 1 1000000
2 1 1000000
2 1 1000000
2 1 1000000
2 1 1000000
2 1 1000000
2 1 1000000
2 1 1000000
2 1 1000000
2 1 1000000
2 1 1000000
2 1 1000000
2 1 1000000
2 1 1000000
2 1 1000000
2 1 1000000
2 1 1000000
2 1 1000000
2 1 1000000
2 1 1000000
2 1 1000000
2 1 1000000
2 1 1000000
2 1 1000000
2 1 1000000
2 1 1000000
2 1 1000000
2 1 1000000
2 1 1000000
2 1 1000000
2 1 1000000
2 1 1000000
2 1 1000000
2 1 1000000
2 1 1000000
2 1 1000000
2 1 1000000
2 1 1000000
2 1 1000000
2 1 1000000
2 1 1000000
2 1 1000000
2 1 1000000
2 1 1000000
2 1 1000000
2 1 1000000
2 1 1000000
2 1 1000000
2 1 1000000
2 1 1000000
2 1 1000000
2 1 1000000
2 1 1000000
2 1 1000000
2 1 1000000
2 1 1000000
2 1 1000000
2 1 1000000
2 1 1000000
2 1 1000000
2 1 1000000
2 1 1000000
2 1 1000000
2 1 1000000
2 1 1000000
2 1 1000000
2 1 1000000
2 1 1000000
2 1 1000000
2 1 1000000
2 1 1000000
2 1 1000000
2 1 1000000
2 1 1000000
2 1 1000000
2 1 1000000
2 1 1000000
2 1 1000000
2 1 1000000
2 1 1000000
2 1 1000000
2 1 1000000
2 1 1000000
2 1 1000000
2 1 1000000
2 1 1000000
2 1 1000000
2 1 1000000
2 1 1000000
2 1 1000000
2 1 1000000
2 1 1000000
2 1 1000000
2 1 1000000
2 1 1000000
2 1 1000000
2 1 1000000
2 1 1000000
2 1 1000000
2 1 1000000
2 1 1000000
2 1 1000000
2 1 1000000
2 1 1000000
2 1 1000000
2 1 1000000
2 1 1000000
2 1 1000000
2 1 1000000
2 1 1000000
2 1 1000000
2 1 1000000
2 1 1000000
2 1 1000000
2 1 1000000
2 1 1000000
2 1 1000000
2 1 1000000
2 1 1000000
2 1 1000000
2 1 1000000
2 1 1000000
2 1 1000000
2 1 1000000
2 1 1000000
2 1 1000000
2 1 1000000
2 1 1000000
2 1 1000000
2 1 1000000
2 1 1000000
2 1 1000000
2 1 1000000
2 1 1000000
2 1 1000000
2 1 1000000
2 1 1000000
2 1 1000000
2 1 1000000
2 1 1000000
2 1 1000000
2 1 1000000
2 1 1000000
2 1 1000000
2 1 1000000
2 1 1000000
2 1 1000000
2 1 1000000
2 1 1000000
2 1 1000000
2 1 1000000
2 1 1000000
2 1 1000000
2 1 1000000
2 1 1000000
2 1 1000000
2 1 1000000
2 1 1000000
2 1 1000000
2 1 1000000
2 1 1000000
2 1 1000000
2 1 1000000
2 1 1000000
2 1 1000000
2 1 1000000
2 1 1000000
2 1 1000000
2 1 1000000
2 1 1000000
2 1 1000000
2 1 1000000
2 1 1000000
2 1 1000000
2 1 1000000
2 1 1000000
2 1 1000000
2 1 1000000
2 1 1000000
2 1 1000000
2 1 1000000
2 1 1000000
2 1 1000000
2 1 1000000
2 1 1000000
2 1 1000000
2 1 1000000
2 1 1000000
2 1 1000000
2 1 1000000
2 1 1000000
2 1 1000000
2 1 1000000
2 1 1000000
2 1 1000000
2 1 1000000
2 1 1000000
2 1 1000000
2 1 1000000
2 1 1000000
2 1 1000000
2 1 1000000
2 1 1000000
2 1 1000000
2 1 1000000
2 1 1000000
2 1 1000000
2 1 1000000
2 1 1000000
2 1 1000000
2 1 1000000
2 1 1000000
2 1 1000000
2 1 1000000
2 1 1000000
2 1 1000000
2 1 1000000
2 1 1000000
2 1 1000000
2 1 1000000
2 1 1000000
2 1 1000000
2 1 1000000
2 1 1000000
2 1 1000000
2 1 1000000
2 1 1000000
2 1 1000000
2 1 1000000
2 1 1000000
2 1 1000000
2 1 1000000
2 1 1000000
2 1 1000000
2 1 1000000
2 1 1000000
2 1 1000000
2 1 1000000
2 1 1000000
2 1 1000000
2 1 1000000
2 1 1000000
2 1 1000000
2 1 1000000
2 1 1000000
2 1 1000000
2 1 1000000
2 1 1000000
2 1 1000000
2 1 1000000
2 1 1000000
2 1 1000000
2 1 1000000
2 1 1000000
2 1 1000000
2 1 1000000
2 1 1000000
2 1 1000000
2 1 1000000
2 1 1000000
2 1 1000000
2 1 1000000
2 1 1000000
2 1 1000000
2 1 1000000
2 1 1000000
2 1 1000000
2 1 1000000
2 1 1000000
2 1 1000000
2 1 1000000
2 1 1000000
2 1 1000000
2 1 1000000
2 1 1000000
2 1 1000000
2 1 1000000
2 1 1000000
2 1 1000000
2 1 1000000
2 1 1000000
2 1 1000000
2 1 1000000
2 1 1000000
2 1 1000000
2 1 1000000
2 1 1000000
2 1 1000000
2 1 1000000
2 1 1000000
2 1 1000000
2 1 1000000
2 1 1000000
2 1 1000000
2 1 1000000
2 1 1000000
2 1 1000000
2 1 1000000
2 1 1000000
2 1 1000000
2 1 1000000
2 1 1000000
2 1 1000000
2 1 1000000
2 1 1000000
2 1 1000000
2 1 1000000
2 1 1000000
2 1 1000000
2 1 1000000
2 1 1000000
2 1 1000000
2 1 1000000
2 1 1000000
2 1 1000000
2 1 1000000
2 1 1000000
2 1 1000000
2 1 1000000
2 1 1000000
2 1 1000000
2 1 1000000
2 1 1000000
2 1 1000000
2 1 1000000
2 1 1000000
2 1 1000000
2 1 1000000
2 1 1000000
2 1 1000000
2 1 1000000
2 1 1000000
2 1 1000000
2 1 1000000
2 1 1000000
2 1 1000000
2 1 1000000
2 1 1000000
2 1 1000000
2 1 1000000
2 1 1000000
2 1 1000000
2 1 1000000
2 1 1000000
2 1 1000000
2 1 1000000
2 1 1000000
2 1 1000000
2 1 1000000
2 1 1000000
2 1 1000000
2 1 1000000
2 1 1000000
2 1 1000000
2 1 1000000
2 1 1000000
2 1 1000000
2 1 1000000
2 1 1000000
2 1 1000000
2 1 1000000
2 1 1000000
2 1 1000000
2 1 1000000
2 1 1000000
2 1 1000000
2 1 1000000
2 1 1000000
2 1 1000000
2 1 1000000
2 1 1000000
2 1 1000000
2 1 1000000
2 1 1000000
2 1 1000000
2 1 1000000
2 1 1000000
2 1 1000000
2 1 1000000
2 1 1000000
2 1 1000000
2 1 1000000
2 1 1000000
2 1 1000000
2 1 1000000
2 1 1000000
2 1 1000000
2 1 1000000
2 1 1000000
2 1 1000000
2 1 1000000
2 1 1000000
2 1 1000000
2 1 1000000
2 1 1000000
2 1 1000000
2 1 1000000
2 1 1000000
2 1 1000000
2 1 1000000
2 1 1000000
2 1 1000000
2 1 1000000
2 1 1000000
2 1 1000000
2 1 1000000
2 1 1000000
2 1 1000000
2 1 1000000
2 1 1000000
2 1 1000000
2 1 1000000
2 1 1000000
2 1 1000000
2 1 1000000
2 1 1000000
2 1 1000000
2 1 1000000
2 1 1000000
2 1 1000000
2 1 1000000
2 1 1000000
2 1 1000000
2 1 1000000
2 1 1000000
2 1 1000000
2 1 1000000
2 1 1000000
2 1 1000000
2 1 1000000
2 1 1000000
2 1 1000000
2 1 1000000
2 1 1000000
2 1 1000000
2 1 1000000
2 1 1000000
2 1 1000000
2 1 1000000
2 1 1000000
2 1 1000000
2 1 1000000
2 1 1000000
2 1 1000000
2 1 1000000
2 1 1000000
2 1 1000000
2 1 1000000
2 1 1000000
2 1 1000000
2 1 1000000
2 1 1000000
2 1 1000000
2 1 1000000
2 1 1000000
2 1 1000000
2 1 1000000
2 1 1000000
2 1 1000000
2 1 1000000
2 1 1000000
2 1 1000000
2 1 1000000
2 1 1000000
2 1 1000000
2 1 1000000
2 1 1000000
2 1 1000000
2 1 1000000
2 1 1000000
2 1 1000000
2 1 1000000
2 1 1000000
2 1 1000000
2 1 1000000
2 1 1000000
2 1 1000000
2 1 1000000
2 1 1000000
2 1 1000000
2 1 1000000
2 1 1000000
2 1 1000000
2 1 1000000
2 1 1000000
2 1 1000000
2 1 1000000
2 1 1000000
2 1 1000000
2 1 1000000
2 1 1000000
2 1 1000000
2 1 1000000
2 1 1000000
2 1 1000000
2 1 1000000
2 1 1000000
2 1 1000000
2 1 1000000
2 1 1000000
2 1 1000000
2 1 1000000
2 1 1000000
2 1 1000000
2 1 1000000
2 1 1000000
2 1 1000000
2 1 1000000
2 1 1000000
2 1 1000000
2 1 1000000
2 1 1000000
2 1 1000000
2 1 1000000
2 1 1000000
2 1 1000000
2 1 1000000
2 1 1000000
2 1 1000000
2 1 1000000
2 1 1000000
2 1 1000000
2 1 1000000
2 1 1000000
2 1 1000000
2 1 1000000
2 1 1000000
2 1 1000000
2 1 1000000
2 1 1000000
2 1 1000000
2 1 1000000
2 1 1000000
2 1 1000000
2 1 1000000
2 1 1000000
2 1 1000000
2 1 1000000
2 1 1000000
2 1 1000000
2 1 1000000
2 1 1000000
2 1 1000000
2 1 1000000
2 1 1000000
2 1 1000000
2 1 1000000
2 1 1000000
2 1 1000000
2 1 1000000
2 1 1000000
2 1 1000000
2 1 1000000
2 1 1000000
2 1 1000000
2 1 1000000
2 1 1000000
2 1 1000000
2 1 1000000
2 1 1000000
2 1 1000000
2 1 1000000
2 1 1000000
2 1 1000000
2 1 1000000
2 1 1000000
2 1 1000000
2 1 1000000
2 1 1000000
2 1 1000000
2 1 1000000
2 1 1000000
2 1 1000000
2 1 1000000
2 1 1000000
2 1 1000000
2 1 1000000
2 1 1000000
2 1 1000000
2 1 1000000
2 1 1000000
2 1 1000000
2 1 1000000
2 1 1000000
2 1 1000000
2 1 1000000
2 1 1000000
2 1 1000000
2 1 1000000
2 1 1000000
2 1 1000000
2 1 1000000
2 1 1000000
2 1 1000000
2 1 1000000
2 1 1000000
2 1 1000000
2 1 1000000
2 1 1000000
2 1 1000000
2 1 1000000
2 1 1000000
2 1 1000000
2 1 1000000
2 1 1000000
2 1 1000000
2 1 1000000
2 1 1000000
2 1 1000000
2 1 1000000
2 1 1000000
2 1 1000000
2 1 1000000
2 1 1000000
2 1 1000000
2 1 1000000
2 1 1000000
2 1 1000000
2 1 1000000
2 1 1000000
2 1 1000000
2 1 1000000
2 1 1000000
2 1 1000000
2 1 1000000
2 1 1000000
2 1 1000000
2 1 1000000
2 1 1000000
2 1 1000000
2 1 1000000
2 1 1000000
2 1 1000000
2 1 1000000
2 1 1000000
2 1 1000000
2 1 1000000
2 1 1000000
2 1 1000000
2 1 1000000
2 1 1000000
2 1 1000000
2 1 1000000
2 1 1000000
2 1 1000000
2 1 1000000
2 1 1000000
2 1 1000000
2 1 1000000
2 1 1000000
2 1 1000000
2 1 1000000
2 1 1000000
2 1 1000000
2 1 1000000
2 1 1000000
2 1 1000000
2 1 1000000
2 1 1000000
2 1 1000000
2 1 1000000
2 1 1000000
2 1 1000000
2 1 1000000
2 1 1000000
2 1 1000000
2 1 1000000
2 1 1000000
2 1 1000000
2 1 1000000
2 1 1000000
2 1 1000000
2 1 1000000
2 1 1000000
2 1 1000000
2 1 1000000
2 1 1000000
2 1 1000000
2 1 1000000
2 1 1000000
2 1 1000000
2 1 1000000
2 1 1000000
2 1 1000000
2 1 1000000
2 1 1000000
2 1 1000000
2 1 1000000
2 1 1000000
2 1 1000000
2 1 1000000
2 1 1000000
2 1 1000000
2 1 1000000
2 1 1000000
2 1 1000000
2 1 1000000
2 1 1000000
2 1 1000000
2 1 1000000
2 1 1000000
2 1 1000000
2 1 1000000
2 1 1000000
2 1 1000000
2 1 1000000
2 1 1000000
2 1 1000000
2 1 1000000
2 1 1000000
2 1 1000000
2 1 1000000
2 1 1000000
2 1 1000000
2 1 1000000
2 1 1000000
2 1 1000000
2 1 1000000
2 1 1000000
2 1 1000000
2 1 1000000
2 1 1000000
2 1 1000000
2 1 1000000
2 1 1000000
2 1 1000000
2 1 1000000
2 1 1000000
2 1 1000000
2 1 1000000
2 1 1000000
2 1 1000000
2 1 1000000
2 1 1000000
2 1 1000000
2 1 1000000
2 1 1000000
2 1 1000000
2 1 1000000
2 1 1000000
2 1 1000000
2 1 1000000
2 1 1000000
2 1 1000000
2 1 1000000
2 1 1000000
2 1 1000000
2 1 1000000
2 1 1000000
2 1 1000000
2 1 1000000
2 1 1000000
2 1 1000000
2 1 1000000
2 1 1000000
2 1 1000000
2 1 1000000
2 1 1000000
2 1 1000000
2 1 1000000
2 1 1000000
2 1 1000000
2 1 1000000
2 1 1000000
2 1 1000000
2 1 1000000
2 1 1000000
2 1 1000000
2 1 1000000
2 1 1000000
2 1 1000000
2 1 1000000
2 1 1000000
2 1 1000000
2 1 1000000
2 1 1000000
2 1 1000000
2 1 1000000
2 1 1000000
2 1 1000000
2 1 1000000
2 1 1000000
2 1 1000000
2 1 1000000
2 1 1000000
2 1 1000000
2 1 1000000
2 1 1000000
2 1 1000000
2 1 1000000
2 1 1000000
2 1 1000000
2 1 1000000
2 1 1000000
2 1 1000000
2 1 1000000
2 1 1000000
2 1 1000000
2 1 1000000
2 1 1000000
2 1 1000000
2 1 1000000
2 1 1000000
2 1 1000000
2 1 1000000
2 1 1000000
2 1 1000000
2 1 1000000
2 1 1000000
2 1 1000000
2 1 1000000
2 1 1000000
2 1 1000000
2 1 1000000
2 1 1000000
2 1 1000000
2 1 1000000
2 1 1000000
2 1 1000000
2 1 1000000
2 1 1000000
2 1 1000000
2 1 1000000
2 1 1000000
2 1 1000000
2 1 1000000
2 1 1000000
2 1 1000000
2 1 1000000
2 1 1000000
2 1 1000000
2 1 1000000
2 1 1000000
2 1 1000000
2 1 1000000
2 1 1000000
2 1 1000000
2 1 1000000
2 1 1000000
2 1 1000000
2 1 1000000
2 1 1000000
2 1 1000000
2 1 1000000
2 1 1000000
2 1 1000000
2 1 1000000
2 1 1000000
2 1 1000000
2 1 1000000
2 1 1000000
2 1 1000000
2 1 1000000
2 1 1000000
2 1 1000000
2 1 1000000
2 1 1000000
2 1 1000000
2 1 1000000
2 1 1000000
2 1 1000000
2 1 1000000
2 1 1000000
2 1 1000000
2 1 1000000
2 1 1000000
2 1 1000000
2 1 1000000
2 1 1000000
2 1 1000000
2 1 1000000
2 1 1000000
2 1 1000000
2 1 1000000
2 1 1000000
2 1 1000000
2 1 1000000
2 1 1000000
2 1 1000000
2 1 1000000
2 1 1000000
2 1 1000000
2 1 1000000
2 1 1000000
2 1 1000000
2 1 1000000
2 1 1000000
2 1 1000000
2 1 1000000
2 1 1000000
2 1 1000000
2 1 1000000
2 1 1000000
2 1 1000000
2 1 1000000
2 1 1000000
2 1 1000000
2 1 1000000
2 1 1000000
2 1 1000000
2 1 1000000
2 1 1000000
2 1 1000000
2 1 1000000
2 1 1000000
2 1 1000000
2 1 1000000
2 1 1000000
2 1 1000000
2 1 1000000
2 1 1000000
2 1 1000000
2 1 1000000
2 1 1000000
2 1 1000000
2 1 1000000
2 1 1000000
2 1 1000000
2 1 1000000
2 1 1000000
2 1 1000000
2 1 1000000
2 1 1000000
2 1 1000000
2 1 1000000
2 1 1000000
2 1 1000000
2 1 1000000
2 1 1000000
2 1 1000000
2 1 1000000
2 1 1000000
2 1 1000000
2 1 1000000
2 1 1000000
2 1 1000000
2 1 1000000
2 1 1000000
2 1 1000000
2 1 1000000
2 1 1000000
2 1 1000000
2 1 1000000
2 1 1000000
2 1 1000000
2 1 1000000
2 1 1000000
2 1 1000000
2 1 1000000
2 1 1000000
2 1 1000000
2 1 1000000
2 1 1000000
2 1 1000000
2 1 1000000
2 1 1000000
2 1 1000000
2 1 1000000
2 1 1000000
2 1 1000000
2 1 1000000
2 1 1000000
2 1 1000000
2 1 1000000
2 1 1000000
2 1 1000000
2 1 1000000
2 1 1000000
2 1 1000000
2 1 1000000
2 1 1000000
2 1 1000000
2 1 1000000
2 1 1000000
2 1 1000000
2 1 1000000
2 1 1000000
2 1 1000000
2 1 1000000
2 1 1000000
2 1 1000000
2 1 1000000
2 1 1000000
2 1 1000000
2 1 1000000
2 1 1000000
2 1 1000000
2 1 1000000
2 1 1000000
2 1 1000000
2 1 1000000
2 1 1000000
2 1 1000000
2 1 1000000
2 1 1000000
2 1 1000000
2 1 1000000
2 1 1000000
2 1 1000000
2 1 1000000
2 1 1000000
2 1 1000000
2 1 1000000
2 1 1000000
2 1 1000000
2 1 1000000
2 1 1000000
2 1 1000000
2 1 1000000
2 1 1000000
2 1 1000000
2 1 1000000
2 1 1000000
2 1 1000000
2 1 1000000
2 1 1000000
2 1 1000000
2 1 1000000
2 1 1000000
2 1 1000000
2 1 1000000
2 1 1000000
2 1 1000000
2 1 1000000
2 1 1000000
2 1 1000000
2 1 1000000
2 1 1000000
2 1 1000000
2 1 1000000
2 1 1000000
2 1 1000000
2 1 1000000
2 1 1000000
2 1 1000000
2 1 1000000
2 1 1000000
2 1 1000000
2 1 1000000
2 1 1000000
2 1 1000000
2 1 1000000
2 1 1000000
2 1 1000000
2 1 1000000
2 1 1000000
2 1 1000000
2 1 1000000
2 1 1000000
2 1 1000000
2 1 1000000
2 1 1000000
2 1 1000000
2 1 1000000
2 1 1000000
2 1 1000000
2 1 1000000
2 1 1000000
2 1 1000000
2 1 1000000
2 1 1000000
2 1 1000000
2 1 1000000
2 1 1000000
2 1 1000000
2 1 1000000
2 1 1000000
2 1 1000000
2 1 1000000
2 1 1000000
2 1 1000000
2 1 1000000
2 1 1000000
2 1 1000000
2 1 1000000
2 1 1000000
2 1 1000000
2 1 1000000
2 1 1000000
2 1 1000000
2 1 1000000
2 1 1000000
2 1 1000000
2 1 1000000
2 1 1000000
2 1 1000000
2 1 1000000
2 1 1000000
2 1 1000000
2 1 1000000
2 1 1000000
2 1 1000000
2 1 1000000
2 1 1000000
2 1 1000000
2 1 1000000
2 1 1000000
2 1 1000000
2 1 1000000
2 1 1000000
2 1 1000000
2 1 1000000
2 1 1000000
2 1 1000000
2 1 1000000
2 1 1000000
2 1 1000000
2 1 1000000
2 1 1000000
2 1 1000000
2 1 1000000
2 1 1000000
2 1 1000000
2 1 1000000
2 1 1000000
2 1 1000000
2 1 1000000
2 1 1000000
2 1 1000000
2 1 1000000
2 1 1000000
2 1 1000000
2 1 1000000
2 1 1000000
2 1 1000000
2 1 1000000
2 1 1000000
2 1 1000000
2 1 1000000
2 1 1000000
2 1 1000000
2 1 1000000
2 1 1000000
2 1 1000000
2 1 1000000
2 1 1000000
2 1 1000000
2 1 1000000
2 1 1000000
2 1 1000000
2 1 1000000
2 1 1000000
2 1 1000000
2 1 1000000
2 1 1000000
2 1 1000000
2 1 1000000
2 1 1000000
2 1 1000000
2 1 1000000
2 1 1000000
2 1 1000000
2 1 1000000
2 1 1000000
2 1 1000000
2 1 1000000
2 1 1000000
2 1 1000000
2 1 1000000
2 1 1000000
2 1 1000000
2 1 1000000
2 1 1000000
2 1 1000000
2 1 1000000
2 1 1000000
2 1 1000000
2 1 1000000
2 1 1000000
2 1 1000000
2 1 1000000
2 1 1000000
2 1 1000000
2 1 1000000
2 1 1000000
2 1 1000000
2 1 1000000
2 1 1000000
2 1 1000000
2 1 1000000
2 1 1000000
2 1 1000000
2 1 1000000
2 1 1000000
2 1 1000000
2 1 1000000
2 1 1000000
2 1 1000000
2 1 1000000
2 1 1000000
2 1 1000000
2 1 1000000
2 1 1000000
2 1 1000000
2 1 1000000
2 1 1000000
2 1 1000000
2 1 1000000
2 1 1000000
2 1 1000000
2 1 1000000
2 1 1000000
2 1 1000000
2 1 1000000
2 1 1000000
2 1 1000000
2 1 1000000
2 1 1000000
2 1 1000000
2 1 1000000
2 1 1000000
2 1 1000000
2 1 1000000
2 1 1000000
2 1 1000000
2 1 1000000
2 1 1000000
2 1 1000000
2 1 1000000
2 1 1000000
2 1 1000000
2 1 1000000
2 1 1000000
2 1 1000000
2 1 1000000
2 1 1000000
2 1 1000000
2 1 1000000
2 1 1000000
2 1 1000000
2 1 1000000
2 1 1000000
2 1 1000000
2 1 1000000
2 1 1000000
2 1 1000000
2 1 1000000
2 1 1000000
2 1 1000000
2 1 1000000
2 1 1000000
2 1 1000000
2 1 1000000
2 1 1000000
2 1 1000000
2 1 1000000
2 1 1000000
2 1 1000000
2 1 1000000
2 1 1000000
2 1 1000000
2 1 1000000
2 1 1000000
2 1 1000000
2 1 1000000
2 1 1000000
2 1 1000000
2 1 1000000
2 1 1000000
2 1 1000000
2 1 1000000
2 1 1000000
2 1 1000000
2 1 1000000
2 1 1000000
2 1 1000000
2 1 1000000
2 1 1000000
2 1 1000000
2 1 1000000
2 1 1000000
2 1 1000000
2 1 1000000
2 1 1000000
2 1 1000000
2 1 1000000
2 1 1000000
2 1 1000000
2 1 1000000
2 1 1000000
2 1 1000000
2 1 1000000
2 1 1000000
2 1 1000000
2 1 1000000
2 1 1000000
2 1 1000000
2 1 1000000
2 1 1000000
2 1 1000000
2 1 1000000
2 1 1000000
2 1 1000000
2 1 1000000
2 1 1000000
2 1 1000000
2 1 1000000
2 1 1000000
2 1 1000000
2 1 1000000
2 1 1000000
2 1 1000000
2 1 1000000
2 1 1000000
2 1 1000000
2 1 1000000
2 1 1000000
2 1 1000000
2 1 1000000
2 1 1000000
2 1 1000000
2 1 1000000
2 1 1000000
2 1 1000000
2 1 1000000
2 1 1000000
2 1 1000000
2 1 1000000
2 1 1000000
2 1 1000000
2 1 1000000
2 1 1000000
2 1 1000000
2 1 1000000
2 1 1000000
2 1 1000000
2 1 1000000
2 1 1000000
2 1 1000000
2 1 1000000
2 1 1000000
2 1 1000000
2 1 1000000
2 1 1000000
2 1 1000000
2 1 1000000
2 1 1000000
2 1 1000000
2 1 1000000
2 1 1000000
2 1 1000000
2 1 1000000
2 1 1000000
2 1 1000000
2 1 1000000
2 1 1000000
2 1 1000000
2 1 1000000
2 1 1000000
2 1 1000000
2 1 1000000
2 1 1000000
2 1 1000000
2 1 1000000
2 1 1000000
2 1 1000000
2 1 1000000
2 1 1000000
2 1 1000000
2 1 1000000
2 1 1000000
2 1 1000000
2 1 1000000
2 1 1000000
2 1 1000000
2 1 1000000
2 1 1000000
2 1 1000000
2 1 1000000
2 1 1000000
2 1 1000000
2 1 1000000
2 1 1000000
2 1 1000000
2 1 1000000
2 1 1000000
2 1 1000000
2 1 1000000
2 1 1000000
2 1 1000000
2 1 1000000
2 1 1000000
2 1 1000000
2 1 1000000
2 1 1000000
2 1 1000000
2 1 1000000
2 1 1000000
2 1 1000000
2 1 1000000
2 1 1000000
2 1 1000000
2 1 1000000
2 1 1000000
2 1 1000000
2 1 1000000
2 1 1000000
2 1 1000000
2 1 1000000
2 1 1000000
2 1 1000000
2 1 1000000
2 1 1000000
2 1 1000000
2 1 1000000
2 1 1000000
2 1 1000000
2 1 1000000
2 1 1000000
2 1 1000000
2 1 1000000
2 1 1000000
2 1 1000000
2 1 1000000
2 1 1000000
2 1 1000000
2 1 1000000
2 1 1000000
2 1 1000000
2 1 1000000
2 1 1000000
2 1 1000000
2 1 1000000
2 1 1000000
2 1 1000000
2 1 1000000
2 1 1000000
2 1 1000000
2 1 1000000
2 1 1000000
2 1 1000000
2 1 1000000
2 1 1000000
2 1 1000000
2 1 1000000
2 1 1000000
2 1 1000000
2 1 1000000
2 1 1000000
2 1 1000000
2 1 1000000
2 1 1000000
2 1 1000000
2 1 1000000
2 1 1000000
2 1 1000000
2 1 1000000
2 1 1000000
2 1 1000000
2 1 1000000
2 1 1000000
2 1 1000000
2 1 1000000
2 1 1000000
2 1 1000000
2 1 1000000
2 1 1000000
2 1 1000000
2 1 1000000
2 1 1000000
2 1 1000000
2 1 1000000
2 1 1000000
2 1 1000000
2 1 1000000
2 1 1000000
2 1 1000000
2 1 1000000
2 1 1000000
2 1 1000000
2 1 1000000
2 1 1000000
2 1 1000000
2 1 1000000
2 1 1000000
2 1 1000000
2 1 1000000
2 1 1000000
2 1 1000000
2 1 1000000
2 1 1000000
2 1 1000000
2 1 1000000
2 1 1000000
2 1 1000000
2 1 1000000
2 1 1000000
2 1 1000000
2 1 1000000
2 1 1000000
2 1 1000000
2 1 1000000
2 1 1000000
2 1 1000000
2 1 1000000
2 1 1000000
2 1 1000000
2 1 1000000
2 1 1000000
2 1 1000000
2 1 1000000
2 1 1000000
2 1 1000000
2 1 1000000
2 1 1000000
2 1 1000000
2 1 1000000
2 1 1000000
2 1 1000000
2 1 1000000
2 1 1000000
2 1 1000000
2 1 1000000
2 1 1000000
2 1 1000000
2 1 1000000
2 1 1000000
2 1 1000000
2 1 1000000
2 1 1000000
2 1 1000000
2 1 1000000
2 1 1000000
2 1 1000000
2 1 1000000
2 1 1000000
2 1 1000000
2 1 1000000
2 1 1000000
2 1 1000000
2 1 1000000
2 1 1000000
2 1 1000000
2 1 1000000
2 1 1000000
2 1 1000000
2 1 1000000
2 1 1000000
2 1 1000000
2 1 1000000
2 1 1000000
2 1 1000000
2 1 1000000
2 1 1000000
2 1 1000000
2 1 1000000
2 1 1000000
2 1 1000000
2 1 1000000
2 1 1000000
2 1 1000000
2 1 1000000
2 1 1000000
2 1 1000000
2 1 1000000
2 1 1000000
2 1 1000000
2 1 1000000
2 1 1000000
2 1 1000000
2 1 1000000
2 1 1000000
2 1 1000000
2 1 1000000
2 1 1000000
2 1 1000000
2 1 1000000
2 1 1000000
2 1 1000000
2 1 1000000
2 1 1000000
2 1 1000000
2 1 1000000
2 1 1000000
2 1 1000000
2 1 1000000
2 1 1000000
2 1 1000000
2 1 1000000
2 1 1000000
2 1 1000000
2 1 1000000
2 1 1000000
2 1 1000000
2 1 1000000
2 1 1000000
2 1 1000000
2 1 1000000
2 1 1000000
2 1 1000000
2 1 1000000
2 1 1000000
2 1 1000000
2 1 1000000
2 1 1000000
2 1 1000000
2 1 1000000
2 1 1000000
2 1 1000000
2 1 1000000
2 1 1000000
2 1 1000000
2 1 1000000
2 1 1000000
2 1 1000000
2 1 1000000
2 1 1000000
2 1 1000000
2 1 1000000
2 1 1000000
2 1 1000000
2 1 1000000
2 1 1000000
2 1 1000000
2 1 1000000
2 1 1000000
2 1 1000000
2 1 1000000
2 1 1000000
2 1 1000000
2 1 1000000
2 1 1000000
2 1 1000000
2 1 1000000
2 1 1000000
2 1 1000000
2 1 1000000
2 1 1000000
2 1 1000000
2 1 1000000
2 1 1000000
2 1 1000000
2 1 1000000
2 1 1000000
2 1 1000000
2 1 1000000
2 1 1000000
2 1 1000000
2 1 1000000
2 1 1000000
2 1 1000000
2 1 1000000
2 1 1000000
2 1 1000000
2 1 1000000
2 1 1000000
2 1 1000000
2 1 1000000
2 1 1000000
2 1 1000000
2 1 1000000
2 1 1000000
2 1 1000000
2 1 1000000
2 1 1000000
2 1 1000000
2 1 1000000
2 1 1000000
2 1 1000000
2 1 1000000
2 1 1000000
2 1 1000000
2 1 1000000
2 1 1000000
2 1 1000000
2 1 1000000
2 1 1000000
2 1 1000000
2 1 1000000
2 1 1000000
2 1 1000000
2 1 1000000
2 1 1000000
2 1 1000000
2 1 1000000
2 1 1000000
2 1 1000000
2 1 1000000
2 1 1000000
2 1 1000000
2 1 1000000
2 1 1000000
2 1 1000000
2 1 1000000
2 1 1000000
2 1 1000000
2 1 1000000
2 1 1000000
2 1 1000000
2 1 1000000
2 1 1000000
2 1 1000000
2 1 1000000
2 1 1000000
2 1 1000000
2 1 1000000
2 1 1000000
2 1 1000000
2 1 1000000
2 1 1000000
2 1 1000000
2 1 1000000
2 1 1000000
2 1 1000000
2 1 1000000
2 1 1000000
2 1 1000000
2 1 1000000
2 1 1000000
2 1 1000000
2 1 1000000
2 1 1000000
2 1 1000000
2 1 1000000
2 1 1000000
2 1 1000000
2 1 1000000
2 1 1000000
2 1 1000000
2 1 1000000
2 1 1000000
2 1 1000000
2 1 1000000
2 1 1000000
2 1 1000000
2 1 1000000
2 1 1000000
2 1 1000000
2 1 1000000
2 1 1000000
2 1 1000000
2 1 1000000
2 1 1000000
2 1 1000000
2 1 1000000
2 1 1000000
2 1 1000000
2 1 1000000
2 1 1000000
2 1 1000000
2 1 1000000
2 1 1000000
2 1 1000000
2 1 1000000
2 1 1000000
2 1 1000000
2 1 1000000
2 1 1000000
2 1 1000000
2 1 1000000
2 1 1000000
2 1 1000000
2 1 1000000
2 1 1000000
2 1 1000000
2 1 1000000
2 1 1000000
2 1 1000000
2 1 1000000
2 1 1000000
2 1 1000000
2 1 1000000
2 1 1000000
2 1 1000000
2 1 1000000
2 1 1000000
2 1 1000000
2 1 1000000
2 1 1000000
2 1 1000000
2 1 1000000
2 1 1000000
2 1 1000000
2 1 1000000
2 1 1000000
2 1 1000000
2 1 1000000
2 1 1000000
2 1 1000000
2 1 1000000
2 1 1000000
2 1 1000000
2 1 1000000
2 1 1000000
2 1 1000000
2 1 1000000
2 1 1000000
2 1 1000000
2 1 1000000
2 1 1000000
2 1 1000000
2 1 1000000
2 1 1000000
2 1 1000000
2 1 1000000
2 1 1000000
2 1 1000000
2 1 1000000
2 1 1000000
2 1 1000000
2 1 1000000
2 1 1000000
2 1 1000000
2 1 1000000
2 1 1000000
2 1 1000000
2 1 1000000
2 1 1000000
2 1 1000000
2 1 1000000
2 1 1000000
2 1 1000000
2 1 1000000
2 1 1000000
2 1 1000000
2 1 1000000
2 1 1000000
2 1 1000000
2 1 1000000
2 1 1000000
2 1 1000000
2 1 1000000
2 1 1000000
2 1 1000000
2 1 1000000
2 1 1000000
2 1 1000000
2 1 1000000
2 1 1000000
2 1 1000000
2 1 1000000
2 1 1000000
2 1 1000000
2 1 1000000
2 1 1000000
2 1 1000000
2 1 1000000
2 1 1000000
2 1 1000000
2 1 1000000
2 1 1000000
2 1 1000000
2 1 1000000
2 1 1000000
2 1 1000000
2 1 1000000
2 1 1000000
2 1 1000000
2 1 1000000
2 1 1000000
2 1 1000000
2 1 1000000
2 1 1000000
2 1 1000000
2 1 1000000
2 1 1000000
2 1 1000000
2 1 1000000
2 1 1000000
2 1 1000000
2 1 1000000
2 1 1000000
2 1 1000000
2 1 1000000
2 1 1000000
2 1 1000000
2 1 1000000
2 1 1000000
2 1 1000000
2 1 1000000
2 1 1000000
2 1 1000000
2 1 1000000
2 1 1000000
2 1 1000000
2 1 1000000
2 1 1000000
2 1 1000000
2 1 1000000
2 1 1000000
2 1 1000000
2 1 1000000
2 1 1000000
2 1 1000000
2 1 1000000
2 1 1000000
2 1 1000000
2 1 1000000
2 1 1000000
2 1 1000000
2 1 1000000
2 1 1000000
2 1 1000000
2 1 1000000
2 1 1000000
2 1 1000000
2 1 1000000
2 1 1000000
2 1 1000000
2 1 1000000
2 1 1000000
2 1 1000000
2 1 1000000
2 1 1000000
2 1 1000000
2 1 1000000
2 1 1000000
2 1 1000000
2 1 1000000
2 1 1000000
2 1 1000000
2 1 1000000
2 1 1000000
2 1 1000000
2 1 1000000
2 1 1000000
2 1 1000000
2 1 1000000
2 1 1000000
2 1 1000000
2 1 1000000
2 1 1000000
2 1 1000000
2 1 1000000
2 1 1000000
2 1 1000000
2 1 1000000
2 1 1000000
2 1 1000000
2 1 1000000
2 1 1000000
2 1 1000000
2 1 1000000
2 1 1000000
2 1 1000000
2 1 1000000
2 1 1000000
2 1 1000000
2 1 1000000
2 1 1000000
2 1 1000000
2 1 1000000
2 1 1000000
2 1 1000000
2 1 1000000
2 1 1000000
2 1 1000000
2 1 1000000
2 1 1000000
2 1 1000000
2 1 1000000
2 1 1000000
2 1 1000000
2 1 1000000
2 1 1000000
2 1 1000000
2 1 1000000
2 1 1000000
2 1 1000000
2 1 1000000
2 1 1000000
2 1 1000000
2 1 1000000
2 1 1000000
2 1 1000000
2 1 1000000
2 1 1000000
2 1 1000000
2 1 1000000
2 1 1000000
2 1 1000000
2 1 1000000
2 1 1000000
2 1 1000000
2 1 1000000
2 1 1000000
2 1 1000000
2 1 1000000
2 1 1000000
2 1 1000000
2 1 1000000
2 1 1000000
2 1 1000000
2 1 1000000
2 1 1000000
2 1 1000000
2 1 1000000
2 1 1000000
2 1 1000000
2 1 1000000
2 1 1000000
2 1 1000000
2 1 1000000
2 1 1000000
2 1 1000000
2 1 1000000
2 1 1000000
2 1 1000000
2 1 1000000
2 1 1000000
2 1 1000000
2 1 1000000
2 1 1000000
2 1 1000000
2 1 1000000
2 1 1000000
2 1 1000000
2 1 1000000
2 1 1000000
2 1 1000000
2 1 1000000
2 1 1000000
2 1 1000000
2 1 1000000
2 1 1000000
2 1 1000000
2 1 1000000
2 1 1000000
2 1 1000000
2 1 1000000
2 1 1000000
2 1 1000000
2 1 1000000
2 1 1000000
2 1 1000000
2 1 1000000
2 1 1000000
2 1 1000000
2 1 1000000
2 1 1000000
2 1 1000000
2 1 1000000
2 1 1000000
2 1 1000000
2 1 1000000
2 1 1000000
2 1 1000000
2 1 1000000
2 1 1000000
2 1 1000000
2 1 1000000
2 1 1000000
2 1 1000000
2 1 1000000
2 1 1000000
2 1 1000000
2 1 1000000
2 1 1000000
2 1 1000000
2 1 1000000
2 1 1000000
2 1 1000000
2 1 1000000
2 1 1000000
2 1 1000000
2 1 1000000
2 1 1000000
2 1 1000000
2 1 1000000
2 1 1000000
2 1 1000000
2 1 1000000
2 1 1000000
2 1 1000000
2 1 1000000
2 1 1000000
2 1 1000000
2 1 1000000
2 1 1000000
2 1 1000000
2 1 1000000
2 1 1000000
2 1 1000000
2 1 1000000
2 1 1000000
2 1 1000000
2 1 1000000
2 1 1000000
2 1 1000000
2 1 1000000
2 1 1000000
2 1 1000000
2 1 1000000
2 1 1000000
2 1 1000000
2 1 1000000
2 1 1000000
2 1 1000000
2 1 1000000
2 1 1000000
2 1 1000000
2 1 1000000
2 1 1000000
2 1 1000000
2 1 1000000
2 1 1000000
2 1 1000000
2 1 1000000
2 1 1000000
2 1 1000000
2 1 1000000
2 1 1000000
2 1 1000000
2 1 1000000
2 1 1000000
2 1 1000000
2 1 1000000
2 1 1000000
2 1 1000000
2 1 1000000
2 1 1000000
2 1 1000000
2 1 1000000
2 1 1000000
2 1 1000000
2 1 1000000
2 1 1000000
2 1 1000000
2 1 1000000
2 1 1000000
2 1 1000000
2 1 1000000
2 1 1000000
2 1 1000000
2 1 1000000
2 1 1000000
2 1 1000000
2 1 1000000
2 1 1000000
2 1 1000000
2 1 1000000
2 1 1000000
2 1 1000000
2 1 1000000
2 1 1000000
2 1 1000000
2 1 1000000
2 1 1000000
2 1 1000000
2 1 1000000
2 1 1000000
2 1 1000000
2 1 1000000
2 1 1000000
2 1 1000000
2 1 1000000
2 1 1000000
2 1 1000000
2 1 1000000
2 1 1000000
2 1 1000000
2 1 1000000
2 1 1000000
2 1 1000000
2 1 1000000
2 1 1000000
2 1 1000000
2 1 1000000
2 1 1000000
2 1 1000000
2 1 1000000
2 1 1000000
2 1 1000000
2 1 1000000
2 1 1000000
2 1 1000000
2 1 1000000
2 1 1000000
2 1 1000000
2 1 1000000
2 1 1000000
2 1 1000000
2 1 1000000
2 1 1000000
2 1 1000000
2 1 1000000
2 1 1000000
2 1 1000000
2 1 1000000
2 1 1000000
2 1 1000000
2 1 1000000
2 1 1000000
2 1 1000000
2 1 1000000
2 1 1000000
2 1 1000000
2 1 1000000
2 1 1000000
2 1 1000000
2 1 1000000
2 1 1000000
2 1 1000000
2 1 1000000
2 1 1000000
2 1 1000000
2 1 1000000
2 1 1000000
2 1 1000000
2 1 1000000
2 1 1000000
2 1 1000000
2 1 1000000
2 1 1000000
2 1 1000000
2 1 1000000
2 1 1000000
2 1 1000000
2 1 1000000
2 1 1000000
2 1 1000000
2 1 1000000
2 1 1000000
2 1 1000000
2 1 1000000
2 1 1000000
2 1 1000000
2 1 1000000
2 1 1000000
2 1 1000000
2 1 1000000
2 1 1000000
2 1 1000000
2 1 1000000
2 1 1000000
2 1 1000000
2 1 1000000
2 1 1000000
2 1 1000000
2 1 1000000
2 1 1000000
2 1 1000000
2 1 1000000
2 1 1000000
2 1 1000000
2 1 1000000
2 1 1000000
2 1 1000000
2 1 1000000
2 1 1000000
2 1 1000000
2 1 1000000
2 1 1000000
2 1 1000000
2 1 1000000
2 1 1000000
2 1 1000000
2 1 1000000
2 1 1000000
2 1 1000000
2 1 1000000
2 1 1000000
2 1 1000000
2 1 1000000
2 1 1000000
2 1 1000000
2 1 1000000
2 1 1000000
2 1 1000000
2 1 1000000
2 1 1000000
2 1 1000000
2 1 1000000
2 1 1000000
2 1 1000000
2 1 1000000
2 1 1000000
2 1 1000000
2 1 1000000
2 1 1000000
2 1 1000000
2 1 1000000
2 1 1000000
2 1 1000000
2 1 1000000
2 1 1000000
2 1 1000000
2 1 1000000
2 1 1000000
2 1 1000000
2 1 1000000
2 1 1000000
2 1 1000000
2 1 1000000
2 1 1000000
2 1 1000000
2 1 1000000
2 1 1000000
2 1 1000000
2 1 1000000
2 1 1000000
2 1 1000000
2 1 1000000
2 1 1000000
2 1 1000000
2 1 1000000
2 1 1000000
2 1 1000000
2 1 1000000
2 1 1000000
2 1 1000000
2 1 1000000
2 1 1000000
2 1 1000000
2 1 1000000
2 1 1000000
2 1 1000000
2 1 1000000
2 1 1000000
2 1 1000000
2 1 1000000
2 1 1000000
2 1 1000000
2 1 1000000
2 1 1000000
2 1 1000000
2 1 1000000
2 1 1000000
2 1 1000000
2 1 1000000
2 1 1000000
2 1 1000000
2 1 1000000
2 1 1000000
2 1 1000000
2 1 1000000
2 1 1000000
2 1 1000000
2 1 1000000
2 1 1000000
2 1 1000000
2 1 1000000
2 1 1000000
2 1 1000000
2 1 1000000
2 1 1000000
2 1 1000000
2 1 1000000
2 1 1000000
2 1 1000000
2 1 1000000
2 1 1000000
2 1 1000000
2 1 1000000
2 1 1000000
2 1 1000000
2 1 1000000
2 1 1000000
2 1 1000000
2 1 1000000
2 1 1000000
2 1 1000000
2 1 1000000
2 1 1000000
2 1 1000000
2 1 1000000
2 1 1000000
2 1 1000000
2 1 1000000
2 1 1000000
2 1 1000000
2 1 1000000
2 1 1000000
2 1 1000000
2 1 1000000
2 1 1000000
2 1 1000000
2 1 1000000
2 1 1000000
2 1 1000000
2 1 1000000
2 1 1000000
2 1 1000000
2 1 1000000
2 1 1000000
2 1 1000000
2 1 1000000
2 1 1000000
2 1 1000000
2 1 1000000
2 1 1000000
2 1 1000000
2 1 1000000
2 1 1000000
2 1 1000000
2 1 1000000
2 1 1000000
2 1 1000000
2 1 1000000
2 1 1000000
2 1 1000000
2 1 1000000
2 1 1000000
2 1 1000000
2 1 1000000
2 1 1000000
2 1 1000000
2 1 1000000
2 1 1000000
2 1 1000000
2 1 1000000
2 1 1000000
2 1 1000000
2 1 1000000
2 1 1000000
2 1 1000000
2 1 1000000
2 1 1000000
2 1 1000000
2 1 1000000
2 1 1000000
2 1 1000000
2 1 1000000
2 1 1000000
2 1 1000000
2 1 1000000
2 1 1000000
2 1 1000000
2 1 1000000
2 1 1000000
2 1 1000000
2 1 1000000
2 1 1000000
2 1 1000000
2 1 1000000
2 1 1000000
2 1 1000000
2 1 1000000
2 1 1000000
2 1 1000000
2 1 1000000
2 1 1000000
2 1 1000000
2 1 1000000
2 1 1000000
2 1 1000000
2 1 1000000
2 1 1000000
2 1 1000000
2 1 1000000
2 1 1000000
2 1 1000000
2 1 1000000
2 1 1000000
2 1 1000000
2 1 1000000
2 1 1000000
2 1 1000000
2 1 1000000
2 1 1000000
2 1 1000000
2 1 1000000
2 1 1000000
2 1 1000000
2 1 1000000
2 1 1000000
2 1 1000000
2 1 1000000
2 1 1000000
2 1 1000000
2 1 1000000
2 1 1000000
2 1 1000000
2 1 1000000
2 1 1000000
2 1 1000000
2 1 1000000
2 1 1000000
2 1 1000000
2 1 1000000
2 1 1000000
2
4 1 2 1 2
0
0
