22
1 2
1 8
1 2
2 2
1 6
2 6
1 6
1 4
1 6
1 2
1 9
1 9
2 9
2 9
2 6
2 6
2 4
1 9
1 3
2 9
2 3
1 8
13
1 9
2 9
1 9
1 4
1 0
1 2
1 5
2 0
1 0
1 6
2 2
2 5
2 0
22
1 2
2 2
1 9
1 7
2 7
1 2
2 2
1 1
2 1
1 3
1 9
2 9
1 0
1 7
1 7
1 4
1 0
1 1
2 1
1 9
1 3
2 3
12
1 9
1 5
1 9
1 9
1 2
2 5
1 6
1 1
2 9
2 9
2 2
1 5
22
1 3
2 3
1 0
1 4
1 3
1 4
1 9
2 9
1 6
2 6
1 0
2 4
1 0
2 4
2 3
1 6
1 8
2 8
2 6
1 1
2 1
1 0
13
1 9
1 9
1 2
2 9
1 4
2 4
1 7
1 2
1 1
1 2
1 3
1 6
1 6
18
1 9
1 2
2 2
1 9
1 4
1 5
2 5
1 8
1 4
1 5
1 8
1 2
1 1
2 8
1 2
1 4
2 5
1 6
7
1 3
1 6
1 7
1 4
1 4
2 3
2 6
4
1 0
1 3
1 1
1 1
3
1 1
1 2
1 4
20
1 4
2 4
1 3
1 1
1 1
2 3
1 0
1 9
1 1
1 8
2 1
2 1
1 8
1 5
1 5
1 6
1 4
2 0
1 2
2 9
8
1 7
1 9
1 4
1 9
1 6
1 1
1 4
1 8
18
1 9
1 2
1 0
2 2
1 0
1 6
1 7
2 7
2 6
1 0
1 3
2 3
1 7
1 1
2 7
1 1
2 1
1 8
18
1 9
1 7
1 1
1 8
1 3
2 3
2 8
2 1
1 1
1 0
2 0
1 8
1 8
2 8
1 0
1 0
2 0
1 2
20
1 1
1 5
2 5
1 6
2 6
1 5
1 4
1 2
1 6
2 6
2 5
1 3
2 4
2 3
2 2
2 1
1 2
2 2
1 6
2 6
13
1 7
1 4
2 7
1 2
2 4
1 8
1 2
2 2
1 4
1 1
1 6
2 8
1 7
22
1 7
2 7
1 3
1 4
1 5
2 5
1 0
1 0
1 5
1 1
2 5
1 6
2 1
2 6
1 5
1 7
1 5
2 7
1 3
1 0
1 5
2 5
21
1 8
1 9
1 4
1 4
1 2
1 4
2 4
1 9
2 2
1 3
1 1
2 4
2 9
1 0
1 1
1 3
1 4
1 2
2 3
2 1
2 0
14
1 1
1 0
2 0
2 1
1 6
1 9
2 9
1 4
2 4
1 7
1 5
2 5
1 3
1 5
15
1 7
1 8
1 9
1 0
1 7
1 1
1 4
1 7
1 7
2 4
2 7
1 0
1 0
2 7
1 0
12
1 0
1 2
2 2
1 4
1 0
1 5
2 5
1 5
1 4
1 6
1 7
2 7
16
1 2
1 0
1 1
2 0
2 1
1 8
1 2
2 2
1 6
1 9
1 5
1 7
1 3
1 1
1 1
2 1
1
1 0
3
1 7
1 5
2 5
2
1 5
1 7
13
1 1
1 3
2 1
1 7
2 3
2 7
1 6
1 7
1 5
1 8
2 6
1 3
1 4
3
1 4
2 4
1 6
22
1 6
1 6
1 4
2 6
1 7
1 0
1 0
1 2
1 4
1 1
1 1
1 9
1 5
1 4
2 9
1 8
2 8
1 0
1 7
2 7
2 7
1 8
14
1 1
1 0
2 0
1 4
2 4
1 2
1 4
2 4
2 2
1 8
1 4
1 5
2 5
1 3
3
1 3
2 3
1 4
12
1 6
2 6
1 5
1 1
1 6
1 1
1 4
1 6
2 4
1 0
1 4
1 6
16
1 7
1 7
1 3
1 4
1 6
1 0
1 1
2 1
1 5
1 1
1 6
1 9
1 9
2 9
2 9
1 5
4
1 7
1 0
1 0
1 5
16
1 7
1 3
1 7
1 0
1 5
2 3
1 6
2 7
1 9
1 2
2 0
2 5
1 7
2 6
1 2
2 9
9
1 4
1 8
2 8
1 0
1 0
1 6
2 6
1 6
2 6
8
1 3
1 1
2 1
1 4
1 4
1 4
1 7
2 7
9
1 3
1 6
1 6
1 3
2 3
2 6
2 6
2 3
1 5
20
1 9
1 9
1 8
1 8
1 5
1 2
2 8
1 0
2 8
1 9
2 9
1 7
1 9
2 9
1 0
2 7
2 5
1 3
1 0
1 3
13
1 5
1 8
1 2
2 8
1 0
2 2
2 0
1 7
1 4
1 7
2 4
1 1
1 8
1
1 4
10
1 8
1 1
1 6
1 3
1 2
1 3
1 4
1 4
1 0
2 0
13
1 8
1 8
1 6
2 8
2 6
1 0
1 0
1 8
2 8
1 5
1 8
1 5
1 5
17
1 3
1 4
1 7
1 1
1 0
1 5
1 4
1 7
2 7
2 5
2 4
1 3
1 7
1 5
1 3
1 3
1 8
1
1 9
19
1 2
1 2
1 2
1 2
2 2
1 6
1 4
1 9
2 9
2 4
1 5
1 6
2 6
1 0
1 0
1 7
1 1
2 1
2 7
21
1 5
1 9
1 8
1 5
1 9
2 9
1 2
2 2
1 2
1 6
2 6
2 2
2 5
1 4
2 4
2 8
2 9
1 1
1 1
1 6
1 4
8
1 0
1 5
1 3
1 4
2 4
1 3
1 5
2 5
7
1 3
1 9
1 4
1 3
1 4
1 3
1 1
16
1 8
2 8
1 0
1 4
2 4
1 7
2 7
1 5
1 5
1 9
1 4
2 9
2 4
1 0
2 0
1 0
22
1 6
1 4
1 5
1 1
2 5
1 7
2 7
1 5
2 5
2 4
1 9
1 6
2 9
2 6
2 1
1 1
1 6
1 4
1 4
1 7
2 7
2 4
4
1 7
1 4
1 0
1 2
16
1 9
1 3
2 3
1 0
1 9
1 8
1 0
2 0
1 3
1 7
1 8
2 8
2 7
1 3
2 3
1 3
16
1 6
2 6
1 5
1 9
2 9
1 6
1 5
2 6
1 0
2 5
1 1
2 1
1 1
1 9
1 7
2 9
24
1 8
2 8
1 5
2 5
1 6
1 9
2 9
1 4
1 2
1 1
1 8
2 4
2 2
2 1
1 7
1 4
1 1
2 8
2 7
1 6
2 4
1 6
1 1
2 1
11
1 3
1 2
2 3
1 5
2 2
1 3
1 8
2 5
1 8
1 9
2 3
1
1 6
2
1 2
1 5
5
1 5
1 2
1 8
1 6
2 8
16
1 4
1 1
2 4
1 5
2 1
1 1
2 5
1 2
2 1
2 2
1 2
1 5
2 2
2 5
1 0
1 3
11
1 7
1 3
2 7
2 3
1 9
2 9
1 6
1 8
1 9
2 9
2 8
5
1 3
1 2
1 2
2 2
1 0
21
1 4
1 9
1 0
1 9
2 9
1 8
2 8
2 0
2 9
1 8
1 2
2 2
1 1
1 1
1 5
2 5
1 0
1 9
1 4
2 4
2 9
17
1 0
1 4
2 4
1 3
2 3
1 7
1 8
1 7
2 8
2 7
2 7
1 4
1 3
2 3
1 7
1 3
1 7
0
22
1 1
2 1
1 7
1 2
1 7
1 0
2 7
1 4
1 4
1 2
2 7
1 6
2 6
2 4
1 2
2 4
2 2
1 8
1 3
2 8
1 9
2 9
9
1 9
1 9
1 5
2 5
1 5
1 0
2 0
1 8
1 1
22
1 5
1 0
2 0
1 2
1 8
1 3
2 8
1 0
2 3
2 0
1 6
2 6
1 8
2 8
1 3
1 5
2 5
1 2
1 0
2 3
2 2
1 9
15
1 7
1 3
2 3
2 7
1 9
2 9
1 9
1 4
1 8
1 1
2 1
1 6
1 4
2 4
2 6
11
1 5
1 6
1 5
2 6
2 5
1 2
1 1
1 2
2 5
1 4
1 8
24
1 8
2 8
1 9
1 7
1 3
2 3
2 7
2 9
1 2
1 3
2 3
1 9
1 7
1 3
1 5
2 5
1 1
1 5
2 5
2 1
1 5
2 5
1 7
1 7
14
1 0
2 0
1 7
1 2
2 2
1 1
1 4
2 4
1 1
1 4
1 8
1 5
2 1
2 4
8
1 2
1 5
2 5
1 4
1 5
1 3
2 3
1 5
24
1 7
1 7
2 7
1 2
1 0
1 5
1 9
1 9
2 9
1 3
2 3
1 9
2 9
1 0
1 7
1 6
1 7
1 5
2 5
1 6
1 6
1 3
2 3
2 6
14
1 6
1 6
1 1
1 4
1 7
2 1
1 6
1 3
1 7
2 4
1 6
1 5
2 7
2 6
15
1 4
1 5
2 5
1 4
1 1
1 5
1 6
1 5
1 1
1 2
2 5
1 9
2 6
2 5
2 1
13
1 1
1 1
1 4
1 3
1 7
1 9
2 9
1 9
2 9
1 5
2 7
1 1
2 5
11
1 9
1 1
2 1
1 2
1 7
1 8
2 8
1 4
1 3
1 9
2 9
2
1 1
1 6
7
1 8
1 3
1 2
2 8
1 1
2 3
2 2
14
1 2
1 2
2 2
1 6
2 6
2 2
1 6
1 1
1 0
1 9
1 0
1 7
1 7
1 3
12
1 6
1 6
1 6
2 6
1 9
1 8
2 8
1 3
1 7
2 7
1 0
1 8
20
1 5
1 5
1 1
1 6
2 6
1 2
2 2
2 1
2 5
1 9
2 9
1 3
1 8
2 8
2 3
1 2
1 6
2 6
1 0
1 1
3
1 2
1 6
1 8
10
1 2
1 0
2 0
2 2
1 4
1 3
1 2
1 3
1 0
2 0
17
1 6
1 0
2 0
1 8
1 3
2 3
1 1
2 1
1 7
2 7
1 6
1 2
1 3
1 1
2 1
2 3
1 0
17
1 1
2 1
1 0
1 8
1 6
1 0
2 0
1 7
2 7
1 3
2 3
1 7
1 1
1 3
1 9
2 9
1 2
0
18
1 1
2 1
1 0
1 1
1 4
1 2
1 9
1 7
1 0
1 6
1 9
1 1
2 1
1 3
1 9
2 9
1 0
1 8
6
1 5
1 9
1 5
1 3
2 9
1 2
15
1 7
1 9
2 9
1 3
1 1
2 1
1 8
1 7
1 3
1 1
2 1
1 0
2 0
1 9
2 9
4
1 2
1 1
1 3
1 1
1
1 1
18
1 7
1 3
2 3
1 6
1 9
1 5
1 8
2 9
2 8
2 5
1 9
2 9
1 6
1 3
1 3
2 3
1 6
1 3
11
1 3
1 5
1 9
2 9
1 3
2 3
2 5
1 6
1 9
2 9
1 6
8
1 1
1 7
2 1
2 7
1 6
1 3
1 5
2 3
3
1 3
2 3
1 5
24
1 7
1 4
1 3
2 3
1 2
1 4
1 8
1 8
2 8
1 5
2 5
2 8
1 7
2 7
1 8
2 8
2 4
1 1
1 7
1 6
1 0
1 6
2 6
2 0
24
1 3
2 3
1 4
1 3
1 9
2 9
1 4
2 4
1 4
1 3
2 3
1 6
2 6
1 1
1 1
1 5
1 6
1 2
1 1
2 6
2 5
1 1
1 8
1 8
18
1 0
1 3
1 3
1 8
2 8
1 6
2 6
1 8
1 9
1 2
2 9
2 2
1 0
1 4
1 9
1 3
2 9
2 3
0
8
1 36
1 65
2 65
1 75
1 62
1 42
1 58
2 75
10
1 84
1 59
1 51
2 51
1 41
1 59
2 59
1 70
1 67
2 67
10
1 24
1 37
1 87
1 25
1 74
1 9
2 87
1 64
1 49
2 74
7
1 84
1 36
1 61
1 4
2 4
1 61
2 61
8
1 76
1 83
1 22
1 11
1 8
1 48
2 83
1 90
9
1 1
2 1
1 36
1 85
1 4
2 4
1 51
1 15
2 15
9
1 64
1 85
1 33
1 34
1 58
1 70
2 85
2 69
2 64
9
1 72
1 20
2 72
2 20
1 89
1 60
1 39
2 89
1 77
5
1 63
2 63
1 57
1 66
1 73
2
1 49
2 49
10
1 48
1 90
1 81
2 48
1 42
2 90
2 81
2 42
1 44
1 63
7
1 88
1 63
2 88
1 90
2 63
1 73
1 15
3
1 86
1 64
2 86
7
1 38
1 68
1 14
2 38
1 27
1 83
2 68
6
1 2
1 1
1 3
2 2
2 1
2 3
6
1 2
1 1
1 3
2 3
2 1
2 2
6
1 2
1 1
1 3
2 3
2 2
2 1
6
1 2
1 1
1 3
2 1
2 2
2 3
6
1 1
1 2
1 3
2 3
2 2
2 1
3
2 1
2 2
2 3
6
1 3
2 3
1 2
2 2
1 4
2 4
5
1 2
1 3
2 3
2 2
2 2
2
2 1
2 3
