0 -2 45 673 45 -22 -2 22 -673
9 -8 -88 88  9 0
9 5 1 -1 5 -8 -6 0 9 34 0 -6 -12
9 5 1 -1 -8 -6 0 34 -12
-4 -8 -4 -22 -56
99 -4 22 1 5 6 7 9
0 1 7 0 34 48 36 0 9
-152 542 152 154 0 0 0 0 98  78 4 54  1 2 15 4 6 6 5 21 1 0  2 21 0 5 4 20  42 50 21 5 4 01 2  204 210 2 452 2 12 4 5 212121 212 0 20 21 2 54  1 2121 24 5 3 123 12 2 1 202 4 54 32 2 452  321 2 13  31 2  1 3 1 21 2  2 1 21 54 2  21 52 42 1 21 2 52 1 343 2 1 31 31212121 54 2 12 3   3  4 21 1 2  01 2 12 2 12  312 2 12  21 5 12 12 15 21 2 1
1 1 2 5 4 -4 -5 -5 -5 7 6 8 -8 -8
2 3 1 2 5 2 3 -5 4 1000 0 0 9 -8 -4
1 2 3 4 5 2 5 4 2 6 4 1000 0 0 1 -4