01102112
15572640
05131961
01494274
05033845
19014141
22293536
14261781
03482972
06275146
10562237
07390895
05270917
08305524
15182379
17420888
01071335
05140089
16062617
22495832
12293420
12281791
05284975
04290122
18012640
13402860
13524587
17141610
15485712
09432329
08331113
13143591
06354382
03072490
08501776
20062389
16313841
16392324
21323307
14250024
23550581
16090249
20261394
15430018
17350789
07544697
09051615
03184696
12044441
01440580
05172202
23350499
22090890
01473793
03021069
23571589
07305818
01415642
00302698
15564368
00572620
01455548
04214119
06022401
03432461
13215316
10363145
16581785
06472806
06545738
22112561
01060837
19434249
08283035
00292887
06511307
22394813
08043580
15002102
20213078
00054445
18385681
14330604
05565915
12581829
06362398
17454948
04351111
02501816
23105399
18273063
14332646
00282273
05124898
02151111
05375930
09451472
05314973
04204488
03400917
