10
16 8
67 12 9 75 30 62 91 8 17 0
51 54 83 55 84 53 78 30 32 41
80 68 5 29 67 73 88 70 47 99
43 38 84 61 95 73 25 39 79 14
53 88 42 96 63 13 45 76 74 67
47 92 46 4 55 11 92 91 2 32
50 1 81 84 35 37 48 9 89 47
77 22 85 45 96 67 18 28 75 55
46 19 19 89 42 84 42 75 22 5
39 98 98 3 6 62 78 68 43 6
25 76 93 74 6 8 33 4 86 25
24 77 75 32 54 85 83 83 44 9
48 64 27 44 81 12 54 78 33 22
41 29 6 100 4 45 11 65 54 1
90 35 62 81 27 78 98 57 51 17
28 44 53 40 83 70 87 65 52 9
12 3
14 76 11 42 34
63 75 73 66 97
92 13 4 14 86
2 87 70 3 11
13 59 35 55 85
81 18 31 78 89
11 46 82 81 8
62 17 83 59 81
92 2 31 74 95
6 16 68 86 39
77 71 5 21 88
16 55 64 58 69
17 7
70 71 23 52 54 95 1 54 34
19 10 32 7 12 6 61 60 35
6 18 28 77 16 19 77 4 65
43 21 9 88 20 17 27 94 32
78 22 35 90 100 19 11 57 34
34 95 67 71 34 3 2 79 84
61 25 76 89 100 67 88 39 57
89 88 84 17 88 28 26 95 14
92 5 88 82 86 34 46 32 14
15 54 24 64 38 63 10 11 46
87 31 13 62 55 8 21 44 20
70 14 91 54 83 70 83 27 83
90 17 38 97 97 97 42 23 67
64 79 8 14 73 49 58 46 92
6 95 17 46 46 11 76 78 49
75 71 81 61 14 71 96 50 4
95 42 33 48 2 56 60 55 53
26 7
46 85 8 93 21 97 35 75 76
56 69 39 4 43 99 94 31 58
27 7 97 66 41 83 8 61 60
91 24 14 95 49 79 92 68 55
32 75 34 95 94 58 78 24 34
27 4 30 6 77 5 96 19 91
52 84 83 73 18 51 75 48 47
42 30 14 22 60 17 79 68 0
35 75 24 31 30 76 36 60 68
16 71 15 59 58 46 76 65 86
14 94 57 62 69 77 97 10 68
49 25 19 90 54 62 59 23 33
31 25 12 84 71 5 23 85 0
53 20 67 57 16 26 42 77 96
100 14 27 4 52 91 20 41 29
93 57 66 3 6 99 78 48 10
42 2 87 67 99 0 40 26 82
1 48 20 49 92 64 32 89 24
30 52 10 23 90 67 89 85 54
89 59 74 76 22 70 69 32 0
0 34 99 67 52 7 82 0 78
75 99 76 37 79 28 14 86 33
85 45 12 15 16 50 87 36 35
59 62 69 83 29 94 43 62 0
36 55 61 67 40 89 53 12 95
33 67 15 13 35 88 83 72 56
19 9
82 96 75 92 17 14 10 16 39 77 10
44 97 40 40 8 54 7 58 16 27 4
58 64 92 62 85 86 94 19 65 34 39
70 16 44 16 17 42 52 58 45 78 13
98 33 34 52 4 87 16 62 19 70 70
27 10 80 47 84 24 29 42 37 54 5
38 34 33 53 49 67 71 78 95 73 82
34 93 34 97 6 84 2 85 86 99 11
41 41 42 54 28 63 16 58 60 33 69
71 7 83 27 4 71 54 57 35 20 60
11 30 52 28 0 71 9 33 91 29 27
64 22 65 33 25 96 4 18 60 41 89
29 75 89 20 98 26 97 41 8 94 85
61 92 82 31 10 52 43 54 22 95 62
8 22 22 85 61 83 5 54 34 0 39
9 23 89 3 43 60 7 61 67 75 73
55 79 56 8 39 80 92 61 60 91 57
22 42 66 14 13 71 47 98 23 61 71
24 36 88 51 36 63 41 67 90 25 77
1 3
20 76 23 36 0
19 9
71 86 92 27 21 99 0 13 2 71 14
47 78 63 78 5 43 44 7 15 41 18
11 48 73 7 18 0 10 9 72 93 65
93 33 90 78 30 50 12 58 58 89 69
29 94 45 56 33 50 44 75 93 15 45
24 82 66 88 86 58 45 75 41 4 96
40 30 87 83 31 11 85 44 99 46 82
87 64 10 5 61 69 71 70 48 2 52
46 70 2 9 23 77 43 56 4 80 17
17 41 30 62 32 29 44 0 40 51 100
37 68 97 44 97 72 81 53 93 47 89
0 43 97 11 51 48 30 12 18 22 41
81 76 73 92 50 92 70 51 21 98 29
97 56 8 64 20 31 91 71 41 73 78
0 84 56 86 57 37 81 45 65 39 32
65 38 61 46 86 65 48 7 45 46 10
58 6 86 66 77 6 77 70 72 29 26
58 12 1 57 45 87 56 44 11 41 94
64 20 15 16 97 11 86 82 81 93 34
3 5
14 22 2 0 39 16 5
25 93 84 41 91 86 34
60 92 53 28 78 32 86
18 5
40 82 4 35 90 72 73
18 93 18 16 50 98 51
50 54 2 37 32 61 10
67 49 100 75 71 77 4
25 40 95 71 23 16 43
71 4 29 80 77 93 80
2 80 93 85 33 86 23
28 44 24 70 40 55 73
55 65 87 9 92 73 100
37 24 86 8 57 53 21
69 43 88 83 11 37 47
40 7 17 52 94 70 78
38 66 22 66 28 90 9
3 53 60 47 12 45 58
84 87 83 85 60 90 64
7 81 54 65 54 48 98
26 32 57 36 87 18 36
27 15 41 72 2 83 5
2 10
7 74 69 69 31 23 2 63 67 76 28 94
63 28 94 38 74 93 79 38 93 25 95 79
