351 428 34
211 61 263 314
157 386 187 111
80 237 338 294
243 198 134 319
102 398 335 414
184 392 93 259
151 192 79 6
184 231 249 309
176 222 72 188
134 140 199 244
9 49 137 287
23 112 167 259
98 367 225 281
94 310 58 388
291 25 201 226
74 330 295 201
182 350 68 238
247 378 314 187
140 33 277 174
77 325 195 322
351 51 236 340
180 215 232 181
111 319 171 267
309 139 322 140
246 48 128 16
146 153 261 149
187 267 26 247
238 56 177 247
163 58 2 346
72 173 318 115
253 322 207 77
113 301 25 10
235 314 198 337
170 163 322 393

239 90 77
193 46 208 52
198 19 134 80
75 28 138 66
224 19 219 83
40 41 82 46
113 37 235 86
5 36 190 28
221 90 31 83
92 42 121 10
76 55 16 71
205 43 150 15
21 72 208 73
58 1 235 80
239 52 150 7
33 34 237 2
139 3 148 63
224 38 97 80
167 81 136 40
164 24 58 67
69 77 211 3
231 10 118 38
191 61 47 67
76 15 22 7
146 73 80 60
96 8 10 8
50 3 234 18
77 31 179 12
152 7 149 17
49 34 75 54
101 64 229 87
110 4 11 61
184 1 176 15
238 75 7 37
147 22 6 45
61 85 194 2
17 79 107 83
128 12 131 71
225 70 120 40
231 44 134 85
233 5 120 5
102 82 205 67
122 35 202 48
164 41 233 69
37 69 222 67
166 57 181 16
115 62 52 80
124 45 167 55
179 25 26 26
90 46 63 66
80 22 69 49
186 84 221 82
95 73 183 79
99 84 40 84
163 17 170 85
233 35 19 59
114 76 85 60
6 63 155 77
36 46 123 44
22 36 52 46
9 32 156 62
51 1 85 72
57 73 69 83
115 7 214 60
60 73 151 82
149 45 45 50
229 62 90 10
111 84 185 73
35 34 20 18
91 85 161 75
112 12 135 21
163 30 238 22
220 23 206 40
4 57 20 88
119 18 229 39
6 8 16 65
103 51 187 33
193 15 169 52

229 260 75
125 31 77 48
153 13 114 8
188 45 22 201
210 140 88 248
193 174 219 165
211 23 81 252
132 103 135 175
132 39 14 204
132 127 84 123
21 258 99 3
22 209 30 197
224 260 49 184
181 15 65 187
22 168 202 120
131 220 210 67
225 83 72 102
130 27 97 158
28 200 214 250
186 162 178 10
29 147 33 79
81 72 207 61
202 217 223 117
45 175 229 80
51 81 27 92
113 10 116 149
29 179 223 151
113 140 46 74
18 240 211 197
66 92 192 243
189 95 214 212
210 179 49 40
147 95 87 221
140 105 68 225
172 238 111 241
108 72 15 155
143 227 81 151
223 92 138 250
193 257 113 223
193 185 138 170
173 187 202 136
139 40 12 108
59 174 119 135
19 154 143 123
46 5 126 143
180 55 48 248
23 76 52 91
79 96 162 257
166 109 184 135
61 54 163 136
188 22 83 83
45 29 204 221
92 246 110 18
167 210 78 3
73 236 192 120
37 77 192 231
136 154 39 97
21 120 163 3
98 35 54 192
197 122 86 37
2 57 78 229
204 4 61 157
67 76 17 207
65 24 142 111
54 58 36 22
112 177 36 19
221 216 93 162
151 52 227 39
120 71 103 46
228 154 215 180
64 241 186 106
79 60 142 33
95 56 34 258
197 165 149 102
217 30 84 65
61 196 139 46

16 484 48
15 96 12 105
3 421 14 266
15 472 1 437
13 130 16 7
13 90 14 146
10 393 9 84
13 95 1 340
16 208 11 323
6 80 1 332
9 276 12 47
4 46 5 150
3 335 8 315
7 186 10 456
14 240 12 361
2 50 16 6
1 354 12 117
13 227 13 452
4 222 14 106
3 73 9 478
7 425 13 261
4 133 1 473
10 151 8 157
4 70 5 355
3 35 16 411
10 180 10 290
11 120 13 171
3 60 8 73
1 349 10 22
12 379 12 202
6 321 4 119
11 107 7 439
15 377 15 10
7 276 13 181
6 109 1 359
11 208 8 376
9 479 5 76
8 180 3 113
10 352 9 27
16 465 15 450
13 368 16 41
11 379 1 294
13 415 1 62
5 101 1 474
7 14 6 266
14 203 13 217
14 318 14 193
9 7 4 73
5 102 12 228

114 69 83
90 29 34 61
46 45 73 61
90 43 54 55
52 26 42 65
61 33 97 26
54 15 86 8
11 29 69 28
19 44 44 59
73 60 67 22
5 43 40 53
4 17 109 55
69 1 97 38
69 3 57 54
65 32 34 13
82 31 96 34
89 48 101 49
1 37 66 19
66 11 111 8
88 14 12 56
100 63 9 67
56 23 14 16
72 23 15 58
43 43 71 23
7 22 104 1
5 64 87 23
40 38 63 33
24 21 3 47
33 35 99 2
99 29 28 63
26 51 83 50
41 44 54 8
84 15 113 35
42 25 111 20
1 48 114 63
32 13 48 56
9 69 29 63
36 59 67 22
114 5 85 29
66 63 31 21
11 22 71 34
13 50 12 35
2 2 70 17
86 62 102 57
41 56 99 68
72 42 57 29
6 41 42 11
101 20 27 51
110 25 19 6
64 29 92 18
50 66 79 22
14 14 113 56
39 43 78 32
41 40 74 26
95 47 75 24
83 26 74 40
21 50 9 33
45 46 76 49
45 51 104 65
40 20 65 67
93 54 20 20
62 12 9 42
97 67 81 66
6 13 76 24
29 24 97 39
52 58 97 61
72 11 33 24
42 23 63 6
12 19 65 23
94 8 97 14
13 67 99 68
113 32 94 68
63 45 50 1
21 18 89 37
91 53 50 7
93 39 73 15
61 48 83 16
25 11 110 25
104 29 8 6
3 36 13 34
13 56 20 29
98 63 36 26
87 20 86 16
32 13 14 44

309 494 6
111 132 96 248
276 216 2 153
22 322 182 255
53 468 250 373
192 4 80 108
94 271 189 3

413 170 91
395 90 325 155
7 82 178 1
306 33 376 68
71 105 209 26
233 25 404 75
145 74 406 66
407 133 137 144
78 143 47 81
321 53 249 155
30 90 407 10
110 123 73 59
391 102 169 41
93 30 220 134
406 63 34 134
271 147 242 24
347 68 287 24
233 144 73 52
357 44 104 51
92 104 363 36
223 130 258 92
169 16 166 76
326 68 320 82
378 70 336 44
121 127 313 165
229 54 61 23
126 148 191 104
346 72 201 161
48 66 55 13
92 48 138 41
299 17 240 98
212 137 106 141
178 117 91 102
7 10 309 130
154 13 318 57
176 63 282 103
112 95 57 101
191 47 2 14
195 12 111 110
122 101 165 97
225 9 374 22
123 9 315 27
180 148 87 132
3 138 24 99
258 102 24 48
283 86 268 167
176 120 67 124
201 35 109 6
117 119 214 145
60 73 218 60
253 130 24 119
274 1 184 99
94 152 232 54
341 136 26 89
26 67 194 54
151 82 191 146
163 170 142 9
290 121 261 125
295 10 337 14
370 63 364 115
72 139 219 53
229 150 242 106
101 12 405 20
261 153 67 131
142 145 86 160
341 14 79 44
413 51 84 20
379 36 401 127
259 91 41 145
247 65 338 51
374 72 10 137
6 59 30 141
267 159 76 80
187 147 381 83
305 100 347 117
274 81 232 91
336 167 246 124
315 141 373 150
9 31 213 169
277 17 202 116
375 33 231 5
238 5 167 137
392 5 245 112
339 5 301 144
5 21 252 120
93 151 224 138
132 17 104 134
332 100 382 139
39 144 218 83
372 119 196 115
27 43 217 146
189 105 38 142

315 456 85
9 426 283 248
149 264 38 212
81 230 162 333
85 445 307 122
186 114 121 445
299 126 142 127
72 227 222 204
210 233 22 96
85 431 91 83
310 238 167 409
33 250 40 101
11 282 37 167
16 211 106 171
148 176 292 452
253 341 264 80
157 387 57 246
31 326 71 206
288 126 158 456
34 139 121 375
52 5 25 399
20 306 158 437
109 361 70 54
205 310 221 339
77 327 92 315
238 143 257 361
129 177 96 264
265 255 73 132
18 307 4 18
150 159 197 83
95 312 68 405
292 384 264 323
308 99 32 183
226 410 146 181
267 383 162 257
16 216 263 59
147 71 59 433
124 153 224 254
120 254 22 426
25 393 8 115
15 344 183 114
226 62 246 233
280 287 284 395
250 132 210 348
105 264 81 435
72 321 309 421
275 27 69 397
245 274 130 80
4 342 293 293
235 164 202 261
135 155 145 39
129 220 124 432
265 37 6 433
165 15 312 273
75 127 93 452
292 66 72 84
224 93 206 311
17 444 58 161
183 257 163 364
131 407 305 414
151 439 198 306
57 259 138 304
94 274 66 137
233 43 31 406
62 453 143 9
36 414 249 310
249 26 195 387
188 207 182 422
298 438 121 246
97 221 113 444
9 131 48 155
184 451 253 110
267 261 96 193
202 337 24 452
200 398 155 155
12 274 206 152
59 50 281 373
86 284 306 61
236 83 153 27
59 276 132 173
71 190 138 33
207 63 290 353
21 293 67 420
8 329 279 101
124 275 309 208
210 218 256 233

48 122 51
15 12 20 64
2 2 32 120
25 107 22 4
47 102 22 58
22 12 20 77
12 75 24 1
46 66 21 66
10 58 40 7
25 56 3 79
13 114 43 58
39 16 31 78
13 86 10 55
10 121 43 61
38 37 19 119
7 95 14 4
40 34 37 117
25 21 35 48
23 96 7 48
45 106 26 110
43 11 17 81
23 76 21 78
34 66 18 98
44 54 12 24
9 28 41 53
38 23 26 38
23 82 11 91
35 87 30 61
18 81 19 85
21 26 28 99
8 108 30 59
4 88 25 107
23 111 43 99
40 26 2 77
37 118 17 38
15 75 5 2
41 15 8 47
45 89 38 37
32 61 30 47
23 67 11 1
9 90 36 120
23 34 33 104
26 11 15 8
27 62 37 111
25 97 24 65
38 15 12 60
3 54 12 85
45 2 43 97
24 71 28 31
12 49 32 100
13 59 46 119
47 75 39 70

64 168 5
9 64 6 101
13 120 3 70
55 55 61 33
61 147 63 43
47 62 49 134

195 282 31
109 99 100 2
40 176 19 79
77 114 84 154
56 43 68 234
88 32 17 203
74 80 78 70
67 55 89 86
138 106 138 130
191 276 119 211
178 104 59 118
156 158 5 146
107 281 147 115
187 179 12 212
148 196 6 16
56 188 65 241
192 235 84 195
122 228 23 218
109 194 104 111
8 258 125 241
70 258 192 170
126 253 147 171
102 164 115 179
46 281 20 157
16 139 185 37
5 52 128 191
115 74 129 60
190 196 194 143
151 195 9 111
16 19 167 7
52 25 16 109
49 261 97 282

155 102 73
47 3 146 94
15 79 131 54
81 98 131 22
90 76 155 76
105 52 145 102
104 65 127 42
6 87 116 57
58 25 148 100
79 56 147 65
2 54 51 13
14 87 120 100
49 28 124 47
100 79 19 4
3 37 104 53
39 73 103 55
70 24 93 63
138 85 89 76
55 47 86 91
54 53 137 59
46 51 153 90
30 33 47 25
152 64 4 98
149 69 154 64
111 28 140 23
85 70 29 72
80 43 29 73
66 72 109 30
71 85 107 91
112 90 122 4
76 25 112 39
74 78 133 19
49 89 38 81
56 1 62 39
114 76 63 2
65 48 85 4
30 95 144 89
151 75 104 97
109 25 11 47
102 34 92 44
75 4 16 85
28 50 94 77
84 42 77 47
152 44 52 64
56 13 7 21
43 28 38 18
73 37 114 11
114 81 80 51
108 71 42 11
58 67 64 21
138 90 7 22
49 32 126 74
6 97 105 56
46 93 128 53
45 53 97 51
138 65 120 40
43 47 68 15
140 64 129 48
124 82 54 73
58 88 111 42
63 88 88 55
131 17 113 68
142 9 97 34
42 41 77 100
4 70 64 24
72 6 15 96
149 77 124 67
73 19 30 14
137 32 59 10
142 38 75 97
82 12 133 5
55 101 38 3
152 88 45 94
79 44 94 40

253 235 87
236 8 4 64
246 16 29 123
168 180 174 59
180 37 158 199
21 220 71 96
194 108 114 144
189 1 2 91
106 155 153 95
212 5 17 167
144 80 243 179
112 216 244 145
240 173 139 109
153 148 218 230
174 61 86 27
244 135 59 29
85 129 97 169
152 75 12 69
71 79 253 2
160 124 225 219
184 100 81 187
231 76 245 170
241 205 71 57
12 78 154 154
164 98 158 149
83 226 41 173
5 12 168 203
197 104 216 169
150 144 189 196
235 153 136 223
166 17 101 186
24 102 129 29
213 193 13 40
195 146 143 159
20 135 49 176
21 164 47 98
129 9 239 15
32 175 121 15
193 123 253 148
93 229 194 137
203 127 157 99
46 209 105 27
22 111 12 230
81 133 182 163
56 152 61 45
45 26 172 124
142 203 41 193
49 25 179 1
53 163 135 132
140 73 90 66
1 63 98 59
224 122 206 166
224 142 38 204
199 74 10 6
56 74 176 195
131 216 169 37
168 116 49 228
104 215 125 104
55 121 36 111
70 195 187 94
253 173 128 16
209 100 226 172
206 19 153 102
107 133 106 144
150 13 67 229
98 54 240 158
234 70 241 175
30 93 205 20
243 178 199 168
182 234 31 41
48 31 45 117
143 29 196 230
71 139 35 52
70 69 76 63
179 113 179 131
166 114 195 232
116 115 74 220
144 227 7 129
33 52 234 195
56 145 247 22
99 122 105 46
229 16 35 4
121 34 9 171
172 103 233 132
21 153 127 192
129 211 243 156
52 207 145 134
195 163 70 141

184 5 39
49 3 62 5
21 3 106 4
87 5 91 5
73 1 34 3
134 4 44 2
5 3 155 3
53 1 44 2
90 5 90 3
46 4 3 2
179 3 113 3
56 4 60 2
155 1 142 1
23 3 160 1
54 2 131 5
48 1 57 2
172 2 4 5
109 2 23 1
25 2 68 1
63 1 14 1
103 4 105 4
15 5 70 1
50 5 91 1
51 1 146 5
3 2 129 4
7 1 178 1
118 5 140 4
146 5 90 2
52 3 41 1
101 4 136 5
90 3 171 2
119 1 9 4
48 1 176 3
108 4 180 5
171 4 79 2
9 2 110 5
27 4 72 3
2 2 173 2
102 4 4 5
4 3 85 2

439 164 95
364 135 366 26
341 135 194 107
146 29 314 23
319 148 175 1
338 5 355 88
227 161 216 108
384 69 144 54
42 151 140 103
301 53 55 126
118 151 424 74
63 6 275 145
241 66 99 52
337 63 113 87
221 79 172 41
369 11 236 63
121 73 1 92
388 33 110 97
45 118 282 102
316 35 398 117
241 53 188 4
146 56 187 77
277 161 174 90
407 142 53 50
276 152 66 103
205 64 272 144
195 61 149 113
14 1 221 81
382 106 324 131
164 15 265 38
105 7 399 14
286 77 255 18
313 109 438 128
374 25 143 85
73 140 91 97
184 39 335 99
123 97 422 144
359 160 145 62
321 109 395 63
206 112 171 115
66 31 91 59
369 17 314 58
368 30 365 137
392 46 436 49
265 133 85 83
397 81 207 29
56 13 186 60
254 8 148 17
268 15 290 84
44 132 231 77
287 72 6 89
334 9 206 89
410 35 75 20
388 75 282 95
68 66 201 121
54 141 113 101
299 65 418 27
50 89 361 112
68 85 118 133
314 69 223 62
27 122 311 92
297 41 156 105
229 58 26 97
274 122 415 37
2 60 174 40
261 60 154 14
377 130 208 24
172 162 202 123
211 131 240 5
379 29 225 113
246 17 249 138
242 80 386 38
372 53 261 111
121 111 203 75
152 106 348 40
199 147 408 114
261 34 64 60
302 115 310 28
293 80 300 127
47 99 378 101
80 35 192 28
275 63 116 15
47 22 330 65
252 72 246 90
379 74 393 125
24 136 58 35
251 27 17 45
321 25 322 108
420 107 389 8
434 63 50 26
20 121 384 45
43 11 295 55
196 107 115 73
235 84 9 104
122 73 25 134
137 25 414 20

302 64 84
85 35 137 38
258 41 136 35
25 3 119 36
29 41 218 6
134 62 148 25
267 47 199 37
167 30 205 44
136 64 297 47
287 3 57 51
83 52 185 5
53 33 119 60
70 58 247 62
146 61 217 6
110 19 275 36
188 53 42 5
55 18 300 52
50 53 210 33
5 35 241 33
125 2 39 55
294 1 171 18
111 51 152 22
125 61 299 31
222 51 147 4
4 62 220 24
160 1 28 55
268 60 143 63
218 48 19 28
78 3 177 9
289 39 238 19
65 55 94 32
93 33 229 49
5 10 153 36
196 46 190 61
136 7 146 37
6 49 94 51
84 11 271 43
185 32 44 4
65 7 52 47
237 7 191 20
155 63 11 31
47 5 63 59
11 14 175 29
227 14 34 5
149 32 270 1
218 39 241 50
41 54 78 18
184 45 128 54
30 37 277 17
57 15 262 58
76 23 119 47
265 15 106 25
39 9 264 17
208 4 183 36
136 11 45 19
76 27 177 30
192 4 194 3
275 17 238 1
287 43 287 33
114 59 169 55
57 15 158 38
280 63 19 34
124 16 248 58
59 24 67 21
75 35 25 59
301 22 86 24
232 18 51 61
223 28 272 40
127 58 278 5
264 32 94 53
159 11 190 13
133 46 172 34
249 12 157 4
191 37 249 8
29 20 106 11
139 56 56 51
107 18 9 56
142 46 41 35
175 6 250 22
151 35 151 13
8 5 184 35
159 5 152 24
30 57 58 17
24 24 260 32
84 30 214 6

38 354 16
10 126 19 23
20 29 28 11
12 350 13 125
4 261 29 119
2 276 28 289
11 321 20 223
24 285 8 150
28 22 14 73
4 91 29 258
32 209 32 103
8 25 2 69
36 129 25 89
21 122 24 296
38 190 9 241
34 242 34 296
24 225 18 242

22 202 76
19 135 5 95
4 52 15 37
14 85 20 1
10 138 4 192
12 157 3 59
19 24 10 103
6 152 21 30
17 54 10 137
17 33 11 181
11 135 9 8
8 108 6 188
18 27 13 177
11 2 20 46
21 163 11 199
7 154 7 119
6 156 2 67
8 108 17 174
19 183 19 197
10 80 6 142
18 166 11 92
5 104 11 181
15 123 11 41
9 176 18 33
8 115 18 102
8 87 1 200
15 116 19 143
1 74 17 23
15 42 20 100
1 156 1 34
8 39 16 155
20 13 16 2
11 56 12 96
11 171 17 97
19 104 15 12
15 48 11 20
11 200 14 78
15 60 14 27
17 90 14 13
1 62 9 13
21 23 18 197
21 117 15 135
18 23 21 44
8 36 6 189
1 43 11 85
20 77 19 27
6 124 7 192
7 120 21 191
13 59 10 126
15 41 2 114
2 5 8 184
9 72 16 49
11 32 1 183
3 67 2 194
5 80 13 104
1 56 2 14
18 9 17 128
22 153 2 84
7 45 15 163
10 190 21 158
9 135 3 78
5 7 18 130
5 80 11 105
18 188 7 36
4 147 6 22
19 197 17 73
10 32 14 181
4 140 20 60
18 124 13 173
3 190 3 46
14 183 13 106
2 96 11 33
12 121 9 146
6 93 15 182
18 35 8 38
22 31 1 162
21 42 10 158

128 294 56
98 15 20 92
109 13 34 140
106 278 12 141
6 260 117 206
28 133 60 251
30 9 126 181
54 7 92 291
45 155 126 239
11 263 87 149
128 36 43 155
2 159 79 278
56 134 49 279
23 174 24 165
75 234 44 92
88 71 56 118
1 164 47 74
105 3 109 126
120 239 64 196
128 65 39 214
32 249 89 245
105 259 9 224
64 25 105 127
3 145 109 293
112 252 81 122
66 202 93 191
28 197 104 211
43 135 27 161
8 30 119 186
91 277 25 84
70 83 61 164
1 11 2 169
65 141 109 18
95 123 47 50
54 269 43 142
77 10 51 33
54 85 18 15
53 204 80 279
37 210 49 24
24 76 127 137
62 151 9 88
8 1 108 75
12 20 17 193
44 5 119 273
114 280 51 176
63 77 53 81
37 217 76 267
17 220 109 25
45 285 48 172
4 132 27 69
104 201 35 217
16 45 112 141
6 174 97 65
65 23 80 281
13 56 23 62
52 116 82 186
87 106 103 78

329 295 3
294 180 280 237
132 98 277 42
264 188 8 15

414 90 79
365 43 225 26
224 25 162 17
185 66 108 66
56 34 145 76
414 2 56 20
108 65 232 39
234 15 242 80
266 37 323 36
409 21 123 2
85 35 159 72
133 25 191 43
206 26 245 13
295 23 140 48
398 87 2 46
56 46 24 88
120 76 216 50
59 31 184 15
36 12 395 32
248 21 22 34
105 68 161 25
260 79 236 9
187 34 388 57
276 19 351 18
5 1 347 50
397 15 76 14
57 24 181 13
393 38 185 29
316 42 35 53
292 36 126 11
178 90 186 53
86 18 88 23
366 61 396 19
24 17 333 5
372 73 345 86
269 10 311 59
398 63 326 39
29 70 144 18
235 79 124 83
47 89 211 88
229 22 132 66
87 51 98 3
263 29 148 67
280 83 110 76
90 83 178 71
60 5 313 16
114 77 191 32
120 37 178 59
168 49 16 70
80 62 24 67
78 40 372 89
132 83 158 2
320 4 63 88
87 81 92 51
346 71 55 83
393 44 378 11
43 49 122 20
389 27 98 10
409 48 105 52
359 33 241 43
66 30 70 58
353 23 99 82
338 18 8 26
253 85 347 22
76 76 262 51
99 48 31 64
367 20 308 57
254 9 286 89
262 53 149 68
149 51 96 42
211 70 21 19
266 64 115 58
319 28 48 32
200 84 54 23
195 26 23 65
65 16 322 49
10 71 401 73
260 37 300 49
327 60 278 87
239 4 350 82

436 428 88
338 374 111 138
265 80 270 306
241 380 79 147
242 256 324 118
406 42 17 81
374 55 392 296
314 305 405 281
305 65 231 25
433 421 255 284
42 202 8 14
52 426 230 55
12 379 387 72
204 3 271 415
417 203 6 373
329 354 343 293
168 208 271 320
168 330 20 347
101 64 92 388
94 159 77 34
436 300 342 210
322 398 165 350
394 64 218 267
283 391 117 88
152 320 371 143
24 225 110 183
394 200 70 37
254 26 171 107
128 210 76 252
401 288 309 169
265 55 156 359
116 428 65 238
231 410 347 113
312 379 234 180
220 216 190 15
321 272 436 247
264 361 411 381
185 196 314 125
208 198 181 105
34 334 200 271
233 169 75 168
305 387 342 110
204 16 120 182
50 95 167 206
128 178 278 99
121 126 36 42
122 144 275 280
216 396 410 246
208 121 63 226
318 78 263 328
249 335 161 280
406 70 350 164
394 375 182 412
121 211 146 328
421 189 47 122
232 331 324 329
285 286 171 193
64 230 370 387
112 361 167 323
208 338 196 269
217 226 113 121
435 62 418 347
434 314 406 373
127 33 16 118
246 129 19 195
326 333 173 371
436 198 355 21
221 414 373 428
139 347 56 390
36 379 335 422
76 370 274 426
348 164 40 174
91 185 159 52
317 347 166 416
342 167 266 212
72 286 349 279
352 45 191 227
51 194 294 366
287 237 109 85
303 92 86 12
340 195 196 290
21 34 347 198
341 271 303 332
326 414 204 176
98 400 186 335
58 4 129 231
281 44 125 286
174 271 324 402
56 301 364 79

269 8 29
15 7 151 1
226 3 220 3
44 2 174 2
120 1 35 5
207 4 131 4
236 3 115 5
120 7 69 1
145 6 167 6
152 5 18 6
11 6 127 8
87 3 64 5
40 1 199 6
162 8 234 4
173 2 4 1
260 2 57 5
122 7 86 3
215 1 125 5
268 4 4 4
5 2 154 5
48 6 112 8
159 6 72 3
105 8 264 7
89 1 153 2
140 1 147 5
65 3 185 5
55 4 260 7
204 2 182 8
82 7 173 4
268 6 70 8

87 225 36
24 46 41 117
29 124 71 215
43 202 4 146
76 212 44 63
6 117 71 117
45 120 69 113
47 197 19 224
8 180 50 64
54 35 43 107
78 181 71 1
58 38 52 80
50 180 82 135
59 43 48 5
47 213 76 189
22 160 19 40
78 144 78 116
79 196 2 2
12 111 47 21
36 181 55 219
87 159 28 51
52 106 46 66
3 198 65 24
80 34 10 57
50 23 16 43
47 68 18 1
65 36 68 54
64 49 57 1
36 90 18 18
61 146 14 212
26 97 79 159
56 5 49 200
87 48 63 77
84 75 82 218
33 144 42 156
43 170 83 126
32 169 27 32

190 28 59
94 11 168 5
118 17 132 3
25 19 46 10
176 9 32 23
51 10 32 20
64 22 171 22
95 26 100 23
72 4 150 17
18 15 166 18
43 23 149 16
92 8 179 26
63 5 12 7
61 15 134 18
125 27 140 3
99 13 71 10
132 5 114 21
80 11 141 15
30 1 183 2
111 12 154 8
184 16 10 22
88 16 121 20
100 10 183 9
61 18 34 18
186 1 119 5
119 15 131 8
86 17 4 22
108 1 132 9
179 11 128 21
176 5 138 3
74 21 169 5
78 17 20 22
85 20 128 1
119 15 79 11
154 2 59 20
164 20 104 13
109 20 2 11
162 6 27 27
128 6 14 3
128 27 52 28
172 22 141 28
32 24 121 17
190 12 100 3
51 14 125 27
133 21 79 5
25 12 190 3
180 27 34 6
158 22 54 24
145 27 100 6
159 28 77 9
74 7 71 16
167 13 74 24
43 16 92 22
107 13 185 8
73 26 125 18
169 8 116 7
182 15 174 8
21 12 76 13
65 3 185 2
133 19 178 15

468 375 68
299 315 442 18
261 109 333 151
156 203 32 327
281 351 430 319
374 260 52 338
461 125 93 120
334 265 343 196
369 57 125 140
75 249 332 372
179 183 154 181
72 209 425 12
177 87 220 25
3 296 5 51
182 169 335 168
155 192 8 3
173 170 458 329
387 364 237 342
389 274 284 162
429 57 269 197
343 201 378 97
448 50 301 316
116 55 322 33
170 124 428 362
44 250 105 353
167 205 291 343
380 104 371 359
284 113 11 187
281 28 262 90
197 42 62 18
18 369 315 89
415 160 106 253
246 343 448 222
298 285 36 320
207 279 351 39
200 207 447 367
57 267 37 5
189 343 167 358
213 150 424 321
101 325 234 80
174 250 418 361
349 238 270 284
11 92 60 279
346 187 349 70
315 20 180 350
32 206 399 106
196 211 163 90
368 199 448 9
285 104 171 233
435 57 240 65
468 292 82 317
57 113 217 173
340 162 82 29
367 77 408 291
452 199 290 102
130 38 224 183
142 80 207 4
317 125 446 252
29 170 409 130
146 207 383 209
15 170 390 38
34 332 141 83
168 178 15 212
240 27 314 134
378 166 395 289
279 147 299 182
15 188 417 287
109 99 131 47
221 169 218 94

292 219 13
140 42 212 198
62 71 230 59
241 116 3 73
126 77 8 77
6 145 252 85
246 114 185 137
170 135 32 103
196 163 280 166
19 199 270 95
140 71 151 197
173 14 35 141
33 50 157 192
283 31 178 62

358 163 13
161 121 127 105
190 25 169 37
244 153 235 74
55 109 118 4
281 100 352 115
70 100 138 57
107 101 247 156
2 96 134 18
258 38 205 25
323 150 248 30
209 129 209 66
154 145 273 115
155 121 90 74

146 450 99
102 289 110 89
105 304 89 189
115 288 29 339
140 317 132 399
39 394 71 273
124 38 20 154
141 429 132 55
22 24 68 417
19 38 20 309
78 442 84 233
120 222 22 118
115 170 123 95
64 389 132 190
95 129 7 38
107 262 27 138
35 224 61 320
5 126 89 140
122 146 94 13
19 259 63 400
4 300 79 26
74 162 61 195
58 441 100 154
145 252 66 254
84 368 122 266
32 282 109 100
99 8 142 317
95 389 114 352
6 31 83 311
61 266 135 324
96 230 119 1
133 337 92 338
84 392 56 48
131 450 142 32
1 199 79 92
88 126 129 64
41 398 82 374
111 199 88 391
24 420 11 308
129 218 43 185
120 383 66 72
33 341 82 171
118 144 26 128
107 179 89 385
134 51 117 294
41 333 70 151
105 250 9 290
82 344 137 264
76 339 125 377
130 43 139 158
134 81 84 237
107 369 133 139
45 375 75 30
134 230 80 34
13 256 81 106
19 33 58 250
27 329 101 267
143 150 34 26
119 31 103 186
102 40 17 53
81 5 31 360
2 408 44 123
146 109 105 120
87 166 44 329
7 335 132 318
141 200 62 197
84 130 121 404
37 181 63 182
135 101 22 302
110 329 125 197
68 248 4 369
26 205 89 422
63 204 23 325
124 115 111 50
104 96 25 6
58 444 65 70
145 16 80 353
139 207 79 219
115 119 34 34
119 196 35 228
70 102 16 131
23 316 11 337
96 47 20 119
100 287 54 18
122 77 69 147
103 305 6 216
51 226 9 300
138 237 22 284
144 23 17 229
35 255 7 73
122 133 15 107
4 326 74 268
55 313 87 141
92 81 119 235
120 284 58 146
82 152 58 5
132 280 59 342
142 336 97 176
24 168 22 75
130 247 29 103

234 285 82
100 87 32 171
21 45 138 37
141 147 67 93
6 217 55 157
202 97 164 69
109 102 95 224
166 214 150 180
85 230 223 76
143 68 104 232
232 228 66 167
36 198 156 178
212 234 209 13
165 236 101 279
65 80 194 2
102 234 120 21
165 148 38 54
231 165 166 192
155 112 121 210
124 3 234 50
45 51 117 90
117 22 194 157
123 253 42 269
125 249 59 38
164 247 154 225
29 108 63 96
12 10 101 214
214 63 3 81
226 280 9 7
1 87 228 45
96 20 66 142
76 85 60 177
147 113 15 275
6 268 203 274
135 143 124 71
194 81 170 49
173 15 196 81
95 255 59 253
122 141 82 3
140 182 64 78
39 70 103 282
11 217 119 183
233 80 168 72
55 120 136 23
75 2 147 181
45 125 96 247
188 140 222 74
109 206 91 236
89 114 50 213
198 168 167 139
105 176 47 111
112 8 83 61
228 19 133 41
69 236 143 39
141 64 6 155
107 161 37 259
148 132 34 125
138 103 67 148
113 134 161 168
40 207 61 218
75 79 11 87
4 30 95 214
136 118 206 178
89 112 86 64
182 232 101 242
154 75 114 216
221 135 28 116
96 107 190 232
73 95 1 18
220 157 144 195
195 182 47 200
129 192 64 110
224 141 133 47
227 187 198 64
26 8 205 214
147 10 232 147
76 193 140 255
38 177 140 270
192 40 27 139
130 31 126 272
175 101 123 20
170 47 77 233
144 73 178 15

474 187 17
413 45 4 59
237 37 156 44
142 91 258 123
462 99 372 132
191 132 77 145
224 91 197 43
187 23 191 55
365 11 270 162
342 173 326 50
287 114 91 139
326 118 102 156
383 92 44 119
212 156 2 92
56 43 40 4
305 53 346 62
163 70 352 40
391 40 222 112

47 6 54
19 1 22 4
39 4 37 1
44 3 10 3
24 3 7 2
12 6 40 2
45 2 37 5
1 1 18 4
26 1 23 5
45 1 46 3
7 3 40 5
21 5 3 5
21 4 16 1
44 4 46 3
45 4 24 4
23 4 32 1
19 1 46 4
19 2 18 4
31 2 3 4
45 2 15 3
16 5 24 2
18 2 12 1
27 6 21 4
16 2 13 6
31 2 46 2
12 5 28 6
21 4 22 1
8 4 30 3
10 1 47 2
43 6 39 2
2 2 6 6
23 2 28 4
22 6 17 6
23 6 36 5
37 3 25 1
47 4 41 4
33 1 17 1
45 5 46 2
10 4 5 5
44 4 5 4
1 2 7 6
28 6 16 6
35 6 32 3
24 3 21 1
6 4 4 5
30 1 27 6
41 1 32 3
18 3 21 4
21 6 26 3
16 2 47 6
21 1 14 5
12 3 19 2
8 4 34 3
8 6 42 1
3 5 46 4

43 375 32
37 360 35 347
12 157 29 103
25 304 22 286
7 195 20 309
8 262 33 208
6 195 38 32
19 216 30 33
26 371 10 256
8 215 15 277
6 266 6 352
8 187 33 315
3 6 22 364
9 347 10 134
8 98 7 345
14 161 4 265
11 280 20 61
18 255 20 212
34 138 20 152
38 89 18 5
35 117 39 210
37 181 3 163
7 142 31 366
16 205 27 95
37 202 1 52
39 67 39 255
31 94 35 185
9 374 18 62
11 122 9 148
13 10 3 187
41 123 8 42
36 129 15 276
29 361 42 325

277 52 8
198 45 43 42
69 7 247 1
186 7 106 26
226 6 261 29
254 6 230 48
71 24 5 12
227 45 47 18
176 24 63 10

132 325 32
59 311 71 53
44 91 101 139
114 153 28 249
112 103 32 228
112 295 31 291
31 274 66 220
34 185 117 197
113 155 130 191
8 69 73 124
72 38 59 24
125 42 117 21
62 197 99 92
12 239 11 42
102 308 114 144
48 92 109 274
115 172 77 243
21 273 54 77
9 169 32 30
21 137 27 42
26 219 31 244
64 195 115 92
6 74 14 61
100 178 54 285
72 81 13 195
109 241 17 323
103 94 105 246
19 43 73 301
97 297 100 204
35 24 88 194
15 227 98 176
14 35 91 80
51 217 74 294

178 81 34
65 22 152 54
175 72 157 13
58 56 135 17
50 75 85 15
159 11 64 75
82 61 152 73
142 17 117 15
160 30 22 56
10 74 74 34
64 63 25 1
178 2 25 48
66 3 84 55
100 52 146 40
139 29 46 12
38 59 106 48
95 3 8 68
14 58 170 29
43 73 98 53
36 46 90 62
112 36 105 18
51 23 88 45
20 39 165 48
50 36 5 72
146 62 163 77
151 10 96 46
100 74 143 32
30 32 56 29
156 79 173 8
48 25 57 65
65 53 33 65
13 71 25 74
107 43 112 55
59 55 159 58
37 54 168 35

222 119 79
116 28 58 97
47 102 131 71
153 1 76 4
92 12 183 60
48 53 192 76
71 49 104 58
150 28 158 112
173 66 79 36
64 56 121 62
105 45 193 94
120 61 25 115
141 15 178 23
14 58 143 34
17 53 54 42
70 85 15 101
42 85 166 63
37 54 195 101
10 8 72 23
71 107 19 27
124 101 153 101
212 48 126 51
10 76 128 25
101 107 71 41
14 101 62 80
215 95 69 18
28 3 10 42
182 113 93 94
182 57 123 101
174 111 47 28
88 30 221 34
129 72 37 63
139 53 50 46
102 34 211 116
58 1 84 22
45 67 32 98
178 85 68 13
43 21 136 41
15 76 151 18
161 50 35 13
142 80 122 67
215 17 169 61
81 32 210 23
220 6 117 62
102 109 72 26
133 92 193 49
165 27 15 19
66 6 201 80
143 65 56 6
87 39 216 61
201 56 48 47
57 57 29 74
25 2 100 112
83 83 31 47
108 75 17 55
56 73 65 57
75 58 1 38
172 112 64 2
28 88 206 104
190 82 213 106
96 35 220 86
190 14 145 49
203 93 193 115
116 41 100 40
83 38 32 51
211 57 55 86
96 75 108 27
177 119 106 66
59 58 202 29
30 34 109 76
91 58 196 80
176 74 175 8
218 86 17 40
63 25 62 62
84 11 167 1
142 18 183 103
137 13 53 19
196 61 47 92
203 78 46 86
27 65 127 42

180 452 61
164 86 153 59
6 114 102 138
87 331 50 266
7 46 25 11
108 39 105 19
165 27 88 109
122 260 24 235
11 155 56 290
148 385 137 435
116 452 87 148
105 195 110 201
3 165 178 311
66 289 115 312
73 165 129 272
148 121 106 428
114 67 38 197
116 281 2 56
80 441 130 159
85 379 20 122
105 447 72 426
65 241 160 158
138 334 19 81
156 117 82 387
39 26 160 287
59 118 15 312
180 104 81 35
54 258 120 416
39 434 160 149
47 174 50 351
171 97 166 438
137 353 64 7
106 130 12 148
77 109 96 40
100 117 22 359
133 432 74 40
31 93 47 434
96 452 12 248
96 119 134 248
11 343 168 241
68 447 88 75
52 325 12 252
21 12 64 165
73 237 122 354
37 48 65 242
61 407 98 261
155 147 43 31
35 146 23 153
133 347 27 402
165 30 133 79
55 426 178 107
63 6 180 386
174 452 54 372
102 364 52 45
157 353 62 118
17 139 11 83
112 312 57 363
179 160 118 379
89 167 166 418
95 158 4 436
129 304 67 310
126 290 14 81

293 201 32
22 116 86 200
134 183 54 12
21 156 185 155
115 16 48 95
264 120 47 34
75 27 108 184
279 68 193 159
189 135 146 49
118 46 166 96
56 68 26 170
292 14 203 50
282 136 115 77
62 71 237 89
272 91 194 140
249 113 135 80
282 26 97 193
92 193 196 110
31 185 273 125
145 163 67 108
13 15 66 42
150 164 250 52
188 111 26 187
260 23 30 148
259 56 76 84
25 98 94 169
62 76 49 185
85 6 150 184
70 39 50 175
28 36 76 46
18 93 48 164
215 25 254 101
173 167 221 140

305 337 83
34 5 123 173
290 63 278 254
141 156 49 207
112 111 10 248
97 205 126 197
28 285 274 268
180 264 25 122
227 59 161 88
85 60 269 101
137 327 132 72
203 47 279 326
18 295 279 327
129 267 79 133
259 326 247 23
266 214 305 202
224 101 282 120
146 238 34 305
248 48 115 34
40 267 200 280
138 238 100 196
281 145 141 66
250 191 172 264
80 23 154 27
37 82 122 260
209 324 267 161
177 74 262 314
206 298 175 184
63 179 154 86
270 292 278 41
155 53 74 273
295 47 185 14
210 131 55 292
290 167 220 222
69 160 281 213
230 102 17 3
240 138 278 87
13 290 173 291
280 119 47 44
82 111 290 174
255 234 163 40
73 276 218 303
85 193 256 260
188 121 134 30
84 325 114 14
102 225 219 108
168 277 30 207
246 108 211 169
236 234 295 222
184 293 170 207
237 315 73 254
219 291 83 75
253 36 194 217
17 229 13 143
124 89 69 164
302 250 58 13
275 246 274 167
267 103 179 241
36 287 246 311
90 172 222 94
122 207 243 97
44 100 260 127
128 10 149 308
97 222 137 302
302 244 167 336
32 75 200 311
103 221 267 69
114 87 19 55
4 107 230 4
99 21 204 37
179 327 57 299
24 289 166 38
56 137 16 317
209 44 79 52
254 89 219 321
151 144 53 196
56 206 98 272
294 78 25 279
256 17 35 274
273 7 151 336
113 286 276 76
163 13 28 302
19 53 159 212
34 41 275 147

487 101 65
368 16 110 56
442 84 127 56
254 53 239 69
412 60 50 84
245 92 158 48
421 95 468 73
351 95 458 9
77 3 158 43
315 10 366 75
193 80 235 23
268 70 205 89
426 4 157 91
85 60 119 52
72 52 362 41
293 71 291 64
141 93 337 48
373 18 278 73
98 47 198 5
276 51 390 18
476 81 129 94
95 70 40 16
23 93 348 10
109 20 213 50
238 76 249 42
84 33 271 24
1 48 299 36
276 17 57 10
160 50 467 22
19 23 158 50
440 63 84 30
451 5 447 60
392 24 15 20
299 32 397 44
184 101 270 65
48 72 389 52
141 37 357 48
218 60 267 83
192 56 2 34
17 10 5 91
236 12 388 60
468 61 400 37
398 60 128 97
265 83 106 80
478 22 174 29
483 41 480 82
468 99 470 72
204 91 444 60
397 48 391 25
170 87 344 100
487 50 104 65
408 2 333 68
145 10 20 50
178 57 115 75
325 46 471 45
243 82 26 39
210 24 26 66
293 75 333 8
320 32 20 46
362 52 152 78
154 45 6 66
118 63 274 99
94 89 247 76
120 14 320 87
71 56 66 88
115 87 307 89

68 80 75
52 46 58 2
6 8 44 49
35 11 59 65
58 3 51 24
43 22 61 26
68 34 41 50
31 22 18 68
42 35 22 32
61 20 22 26
55 60 21 40
27 47 3 44
21 4 57 19
38 57 28 45
64 24 39 45
5 8 25 35
61 39 39 8
50 71 61 42
36 70 30 25
34 67 65 17
19 61 51 73
44 78 31 59
52 72 51 69
5 31 47 80
7 23 63 63
3 15 41 73
10 63 49 59
46 61 65 8
63 54 51 2
25 44 65 78
46 59 3 66
67 64 67 34
44 76 46 28
59 21 49 49
1 29 26 21
59 40 23 24
62 40 11 38
10 75 64 28
48 24 9 44
18 5 45 19
55 77 56 8
15 48 29 72
8 11 15 80
6 57 27 59
36 10 29 45
47 68 19 62
18 39 60 27
31 69 45 41
9 50 57 59
11 56 12 71
55 14 37 20
19 74 57 39
28 20 19 78
27 13 34 60
37 33 7 38
17 9 32 13
25 51 37 61
46 5 24 54
24 16 16 73
61 34 61 69
6 47 52 2
67 49 21 29
64 45 60 6
13 71 20 7
56 9 48 70
12 48 24 28
12 8 60 7
60 57 40 44
16 2 68 33
14 37 20 75
53 67 66 67
15 9 38 30
26 27 23 61
46 32 48 18
54 14 30 37
42 8 12 54

59 137 42
46 128 31 60
35 14 53 21
38 53 45 35
14 100 16 63
11 15 41 83
52 135 29 76
38 122 15 112
2 51 4 61
32 26 31 41
16 38 9 18
59 131 19 24
19 71 35 30
52 98 27 55
21 76 13 94
15 21 29 40
46 77 51 54
30 19 2 33
56 136 25 63
38 86 43 20
26 76 4 10
40 135 11 88
47 47 6 71
44 121 15 67
50 26 32 61
40 104 44 38
13 107 24 134
24 135 37 69
40 2 45 42
14 92 23 116
26 88 7 127
33 83 47 52
47 111 35 114
50 57 48 21
29 6 56 103
57 18 23 13
30 112 49 80
34 2 44 22
15 23 50 60
58 20 28 61
26 117 56 17
20 5 11 56
10 39 22 109

154 124 22
29 51 126 58
57 61 122 21
124 105 20 101
50 113 86 62
83 14 22 95
130 81 129 85
69 28 83 67
54 97 67 81
92 15 76 106
63 92 47 62
10 106 131 24
91 65 110 108
80 76 140 92
136 107 149 28
6 32 100 4
101 29 29 93
107 105 146 51
152 110 2 93
137 71 55 29
151 106 20 5
125 124 56 18
10 39 13 93

378 228 78
75 130 263 50
207 63 141 34
65 210 59 78
229 87 31 199
98 14 91 131
60 48 134 129
108 126 361 188
378 141 309 200
44 159 212 127
228 90 23 13
159 151 307 99
28 20 114 30
187 210 150 72
110 65 333 70
38 16 341 218
295 53 353 151
52 96 46 214
133 47 82 115
360 175 309 37
73 105 62 86
361 47 359 95
67 216 119 18
223 156 275 212
149 21 152 138
234 39 127 74
353 222 38 15
150 94 54 82
219 142 292 74
99 141 91 19
103 125 244 116
18 64 73 94
375 89 273 69
170 18 348 204
256 187 285 126
366 76 362 146
14 191 292 203
98 32 306 168
59 224 275 162
349 167 331 91
272 104 260 97
161 223 91 135
178 3 198 56
38 125 239 26
92 15 134 12
236 72 32 131
246 129 362 129
99 172 95 24
178 204 98 61
68 93 62 132
290 144 89 111
263 109 161 186
166 224 356 34
241 222 145 64
173 44 247 139
357 81 19 52
172 36 217 175
95 108 148 15
193 179 358 226
234 61 159 25
277 189 165 96
299 112 202 6
314 69 232 128
145 185 292 56
22 93 139 208
268 192 335 43
79 28 98 83
220 139 249 67
160 155 252 43
14 23 98 110
83 45 210 147
339 184 209 64
184 49 209 142
58 169 306 197
353 36 240 195
49 13 117 166
20 204 1 219
234 172 181 55
356 34 22 65

372 170 17
7 76 13 25
29 152 63 21
328 76 121 127
181 121 357 94
211 1 17 134
87 145 101 13
34 1 46 86
42 61 103 61
317 19 209 37
85 33 74 18
16 128 121 121
338 23 149 85
125 85 134 27
203 123 296 94
15 130 147 32
297 15 227 113
271 139 313 36

32 472 53
28 283 10 122
14 181 10 367
16 246 7 124
21 209 22 428
7 185 15 471
10 110 9 218
28 441 4 398
32 173 13 191
27 359 29 342
30 7 3 153
5 310 4 161
31 242 32 268
16 121 22 213
19 115 11 417
4 442 7 194
29 342 32 73
31 276 27 208
19 135 16 126
17 202 14 94
1 117 31 162
1 470 13 68
7 297 5 398
6 219 27 19
22 404 14 133
15 187 13 295
22 254 26 446
28 210 14 396
3 112 29 349
3 281 27 102
12 355 32 378
12 307 8 23
19 110 30 257
21 395 26 157
15 268 8 41
14 101 11 370
13 51 1 237
29 97 9 354
10 126 3 214
28 107 23 352
27 300 24 318
23 70 10 393
6 24 2 239
15 396 13 111
6 375 20 290
25 343 30 240
11 413 22 16
31 315 15 109
24 272 5 29
30 73 6 107
3 258 16 464
6 278 29 437
24 324 29 12
29 234 2 368

342 370 53
258 35 316 202
169 360 336 256
23 11 88 236
223 97 194 231
172 186 122 55
9 259 277 12
59 315 205 79
50 284 109 70
34 121 157 348
184 316 36 69
161 206 287 242
41 227 33 304
147 23 313 66
27 282 160 7
311 321 82 170
330 234 79 110
132 107 327 234
119 252 25 217
73 251 216 126
293 113 268 308
199 205 290 65
333 137 15 215
195 263 318 176
222 104 40 153
13 235 59 285
64 359 288 129
28 302 6 311
42 207 97 227
214 154 171 112
249 309 289 165
157 365 62 50
105 4 179 17
329 54 228 76
91 101 31 129
309 231 1 369
40 369 118 295
29 283 221 360
41 231 97 281
254 313 19 93
145 237 9 49
36 266 277 340
104 242 323 1
254 118 52 292
62 352 212 66
176 265 149 320
85 108 225 240
1 211 82 195
215 101 247 50
220 91 329 57
203 9 302 54
324 43 157 169
79 268 161 79
179 187 216 128

483 268 38
159 216 44 178
6 138 257 212
20 99 201 31
264 129 53 210
93 99 205 139
358 73 68 48
425 226 382 109
53 177 339 256
243 35 395 158
266 138 328 218
380 217 195 151
400 46 94 222
252 27 407 97
199 214 421 98
438 203 132 19
318 251 264 198
130 114 446 247
420 69 57 258
146 66 21 242
59 7 359 71
158 209 428 108
66 48 420 34
288 206 223 233
27 190 462 4
253 211 330 223
133 1 255 108
146 214 87 153
322 132 161 253
25 247 46 173
171 165 92 81
369 9 186 75
210 128 388 67
123 97 253 7
345 112 90 49
7 173 393 23
161 58 293 231
83 134 483 211
325 132 163 254

291 467 93
159 56 152 178
119 351 42 365
114 324 189 62
14 227 78 181
274 238 254 138
233 216 93 280
198 272 67 397
150 28 267 138
265 287 148 22
138 440 13 47
169 187 114 365
194 446 165 399
164 30 261 389
210 338 282 207
14 155 151 203
83 47 69 67
40 76 284 108
155 370 46 306
242 252 26 267
38 242 100 74
163 229 39 69
63 396 82 185
141 354 238 314
48 35 203 355
241 394 1 345
153 351 167 36
29 189 11 244
260 283 135 432
112 311 119 12
130 291 127 443
265 10 134 227
99 390 218 331
144 153 164 231
231 52 165 413
249 18 286 54
69 73 104 152
63 102 181 175
278 158 227 454
279 334 9 352
114 264 176 126
51 16 23 29
90 76 220 374
86 269 276 219
252 361 67 426
160 16 97 34
98 369 242 335
283 240 52 74
273 373 246 437
8 147 249 217
193 408 45 204
209 265 8 462
27 35 188 287
175 117 111 292
112 132 197 380
67 87 11 80
289 340 183 270
211 123 192 11
76 410 269 441
106 154 168 336
17 159 41 349
263 356 134 311
264 445 224 284
34 194 175 343
238 184 79 210
250 190 94 400
98 307 176 14
227 197 9 388
209 92 122 314
207 258 42 295
102 131 213 230
97 225 37 38
20 80 195 396
158 243 277 409
36 321 91 438
123 312 196 57
188 438 280 57
288 169 197 194
48 272 219 423
267 428 276 428
243 50 23 212
118 376 94 449
260 292 206 374
26 378 142 325
243 15 235 104
185 85 46 21
65 397 175 467
1 158 196 264
122 42 269 309
57 177 196 57
214 293 187 447
81 160 203 207
31 132 281 65
190 279 50 83

39 14 27
10 14 13 11
21 1 19 7
16 6 18 7
36 4 3 10
34 4 32 11
21 11 14 6
38 11 7 6
18 6 2 1
19 7 22 9
7 2 6 11
6 13 35 13
31 4 39 13
23 8 9 10
2 6 21 10
10 13 32 1
25 2 24 5
37 13 25 10
15 7 13 9
10 10 19 6
22 8 23 10
16 14 38 4
36 10 32 3
9 5 26 3
11 3 20 7
21 9 11 6
38 13 14 7
24 7 30 3

440 175 64
285 163 222 143
243 26 368 71
266 4 140 16
322 154 256 13
131 77 122 111
352 32 46 121
32 62 317 115
143 76 360 49
245 61 405 70
45 162 161 79
169 79 7 148
316 105 231 1
328 163 251 4
65 119 279 158
18 114 311 63
318 43 20 79
370 32 74 168
201 155 156 50
415 81 57 140
43 63 340 74
263 39 206 105
81 50 238 133
47 126 28 95
62 158 26 39
276 126 308 167
415 11 114 100
37 4 67 155
365 4 180 14
182 137 258 139
79 93 284 123
71 104 300 82
134 28 192 48
379 153 364 140
391 131 42 48
345 174 397 79
204 130 226 55
415 171 151 129
435 167 329 126
354 125 345 62
205 51 350 60
271 37 289 147
17 171 221 162
349 109 206 141
167 156 339 5
48 8 239 131
341 64 92 70
152 152 401 106
317 9 166 42
320 159 276 153
61 99 275 26
432 5 142 80
214 23 426 164
35 64 135 105
125 99 6 24
353 90 412 144
325 128 221 148
278 50 429 70
363 99 99 66
225 40 351 18
72 152 197 148
86 80 18 89
299 21 102 156
189 126 27 139
37 64 6 109

357 326 90
62 57 354 19
96 258 302 282
333 249 252 276
33 159 282 12
5 179 103 137
357 83 332 240
173 95 134 136
226 21 260 203
135 193 158 65
189 300 211 224
28 134 219 246
54 103 247 137
250 198 161 247
304 305 45 54
207 175 265 42
333 75 97 300
162 234 130 210
219 201 235 249
112 59 312 223
171 262 125 286
18 48 119 305
263 48 324 171
265 153 141 240
18 143 204 57
164 14 184 151
190 7 187 233
4 99 74 324
255 52 86 39
269 252 119 65
187 87 197 77
51 73 80 4
138 149 5 227
205 258 208 184
131 262 172 257
206 88 12 126
209 197 258 315
346 285 299 64
259 72 204 277
280 57 293 211
223 323 101 119
233 159 284 95
327 210 94 121
139 109 64 322
337 289 59 145
346 23 257 138
280 155 331 202
302 316 64 59
337 103 310 85
31 290 261 275
224 245 96 164
305 174 266 255
33 92 141 214
247 254 17 262
79 311 85 282
40 326 2 179
142 64 256 28
238 176 36 276
109 271 328 269
330 216 12 217
166 26 168 287
73 221 211 207
19 213 55 27
197 317 120 198
61 301 76 214
78 85 134 95
66 38 105 225
210 95 166 303
129 180 40 173
9 65 111 41
210 183 348 130
189 99 275 29
113 264 70 157
319 34 131 18
154 111 254 7
209 237 213 77
285 170 21 45
155 176 237 277
152 50 87 35
288 68 88 33
137 56 264 212
109 296 289 305
179 256 257 138
247 184 344 55
27 261 332 299
36 61 30 87
31 152 187 199
191 52 91 47
152 269 54 312
295 89 72 28
124 68 267 43

304 376 30
20 352 62 313
264 139 158 120
218 106 207 134
285 2 281 314
60 131 227 214
247 190 262 344
173 270 290 98
138 51 96 183
3 284 7 38
271 270 163 196
88 87 275 133
82 128 66 298
92 291 72 314
277 130 161 202
209 168 142 215
76 203 43 6
93 98 2 153
207 315 110 197
60 145 98 370
251 140 266 226
140 129 130 278
289 300 214 365
143 307 90 87
229 21 11 89
237 346 54 233
177 325 103 284
271 151 212 310
159 326 299 50
197 358 105 339
291 286 93 330

188 270 72
145 190 128 35
12 87 21 116
113 240 93 70
173 254 150 53
17 255 156 84
162 204 37 265
13 6 171 31
145 234 30 185
10 165 48 205
18 237 34 48
98 107 105 53
112 6 16 170
2 133 112 165
58 4 182 233
127 218 143 216
146 238 62 127
14 224 69 71
41 46 153 169
56 227 160 129
93 179 43 211
155 94 45 256
141 72 157 177
23 121 103 199
93 247 158 125
53 155 40 233
167 238 147 233
171 165 106 92
75 224 35 167
78 159 44 177
184 31 155 49
183 132 110 138
109 22 87 180
115 63 64 247
21 216 142 42
43 239 48 241
84 164 22 151
12 241 75 30
59 73 107 17
56 4 181 80
155 116 11 72
183 90 30 245
175 53 101 134
131 146 81 77
166 148 2 149
5 249 176 52
134 51 21 31
6 239 134 253
11 105 137 145
147 31 44 200
153 218 153 211
181 191 125 214
58 258 67 151
85 58 187 243
181 45 2 135
77 181 27 139
45 134 122 251
21 89 188 44
162 206 132 147
7 155 17 54
159 92 139 118
143 29 71 176
91 166 117 155
176 223 115 211
125 207 44 71
158 240 46 92
156 203 21 60
174 207 168 186
163 256 184 207
165 270 28 24
101 112 154 134
40 161 27 20
142 113 54 67

73 70 20
12 7 13 52
1 47 56 40
6 44 68 8
32 33 47 32
35 41 27 25
50 69 21 10
68 28 63 48
31 12 19 33
64 24 65 16
1 2 53 2
55 41 68 65
56 50 15 48
13 35 46 11
4 25 42 28
50 37 65 17
64 65 33 66
23 7 26 54
22 43 57 9
29 26 47 43
36 20 63 7

466 267 8
288 197 158 105
366 259 318 106
128 112 450 244
334 142 379 178
305 70 345 6
361 225 195 87
389 46 106 158
439 128 404 8

342 159 53
283 144 102 24
150 52 142 49
62 136 339 104
194 102 90 98
132 24 193 122
235 11 292 77
289 62 78 81
233 39 337 68
117 131 290 157
247 44 234 40
203 34 26 88
333 50 292 9
187 52 249 46
123 91 228 18
47 110 17 53
193 1 276 138
10 23 276 110
258 90 149 145
72 60 255 87
256 135 232 117
20 120 155 51
96 129 3 129
219 88 117 67
242 112 255 73
140 35 282 101
12 45 296 149
142 4 172 136
323 67 168 122
170 6 17 87
289 114 323 144
48 5 337 57
54 81 22 147
64 156 106 117
201 39 75 156
330 107 273 156
50 146 241 63
300 84 265 136
306 113 113 83
208 135 341 119
79 6 90 8
148 8 340 135
114 128 9 132
15 42 10 117
202 7 243 35
133 32 222 39
339 29 169 22
68 80 53 66
177 130 109 155
221 141 190 19
162 21 272 127
72 93 185 148
291 154 280 101
204 121 2 131

485 403 25
172 166 18 145
427 51 467 231
427 289 226 330
103 104 10 81
14 304 406 230
128 87 240 239
466 160 4 23
91 26 329 205
217 209 74 39
81 87 34 188
21 312 31 375
3 249 458 46
374 374 295 21
93 283 99 52
84 262 58 356
327 292 228 50
15 296 419 245
187 19 375 271
23 143 280 79
353 46 133 239
69 244 156 348
174 151 140 312
227 260 285 76
455 387 433 256
228 30 363 26

233 112 1
131 94 134 9

162 181 23
134 46 81 170
14 176 47 45
5 39 88 157
148 47 128 66
38 98 156 161
86 87 107 92
60 75 156 175
57 136 96 73
161 48 121 48
108 87 112 163
75 48 28 94
2 122 102 141
132 170 137 16
30 26 20 14
68 102 95 117
103 6 160 27
70 35 66 93
156 95 62 54
87 90 113 115
121 74 114 160
42 140 50 15
50 9 95 70
149 19 12 59

299 334 7
125 151 212 147
44 113 214 308
158 162 144 246
190 307 268 203
198 218 131 78
262 68 268 280
43 68 270 46

388 394 76
82 332 361 263
50 354 21 54
74 79 317 185
259 175 85 213
295 30 145 130
48 124 204 236
248 216 225 88
140 347 9 350
122 275 353 283
351 23 93 327
111 360 337 139
22 60 346 332
366 309 264 339
94 306 40 207
363 11 85 61
373 58 219 103
128 4 93 283
235 249 166 13
77 251 30 139
170 135 263 385
200 385 388 9
62 377 12 64
301 251 138 165
74 112 380 238
320 264 98 160
378 19 132 65
222 355 134 283
75 27 339 338
371 249 140 150
218 132 366 149
371 99 319 329
20 190 132 273
41 229 51 195
103 197 200 15
99 105 305 139
84 323 18 311
333 162 40 382
36 190 213 234
181 368 77 212
95 142 28 142
16 194 144 202
204 174 325 138
360 117 353 246
110 334 292 316
388 259 128 249
321 358 214 114
367 103 362 120
311 317 123 131
341 332 90 376
155 367 143 342
108 359 36 280
90 265 210 255
177 157 37 140
348 284 144 3
125 391 265 347
244 184 294 23
376 228 356 376
161 49 310 28
149 346 181 234
262 293 299 382
367 331 258 299
123 179 163 200
66 355 234 260
93 104 60 344
156 1 330 314
26 109 315 394
161 58 9 94
150 374 60 120
152 148 63 175
24 31 287 372
103 176 238 65
11 84 313 3
183 300 332 91
318 95 277 35
77 334 235 227
360 367 223 357

106 120 44
91 64 62 17
17 116 48 112
42 6 5 85
33 35 42 75
87 116 48 109
49 93 99 15
55 71 72 54
35 42 10 19
17 87 18 4
22 53 20 100
41 10 2 37
92 37 66 98
32 41 6 65
79 85 92 33
60 90 27 49
52 44 105 57
89 61 51 37
71 22 20 63
100 39 68 4
50 73 59 50
42 26 78 87
89 56 106 30
81 58 75 78
22 28 14 28
78 81 34 34
41 38 53 24
63 60 97 50
75 62 95 1
26 60 86 63
52 72 47 21
60 15 13 119
29 9 36 59
49 12 14 109
26 78 83 15
80 67 34 79
37 102 3 18
58 34 105 55
38 35 92 23
102 112 61 76
21 61 26 30
96 103 18 38
89 94 56 29
76 34 5 4
79 23 104 26

11 467 93
6 257 9 152
10 456 11 17
10 236 2 340
5 240 11 131
4 456 4 357
6 181 8 158
1 25 3 193
11 412 7 296
7 23 3 348
8 4 4 164
1 174 10 389
3 157 5 189
9 223 10 436
11 43 5 307
10 439 1 433
1 169 10 201
11 297 5 175
11 32 3 200
5 157 9 317
4 256 6 374
10 201 3 391
9 420 10 204
2 272 3 301
8 439 8 107
5 68 3 467
3 44 10 274
3 165 6 453
5 261 10 341
2 137 2 300
5 110 7 43
4 64 10 35
7 123 9 300
6 224 1 2
7 311 6 313
7 288 9 397
3 278 3 226
11 118 8 138
3 394 5 185
11 232 7 1
6 298 9 376
2 443 8 261
1 89 6 102
1 180 1 269
10 16 1 331
3 419 5 163
1 289 3 226
10 369 5 459
8 84 2 410
4 431 7 436
8 336 9 215
1 72 9 394
7 267 10 194
10 335 5 61
8 439 7 86
2 253 10 243
4 388 6 179
7 316 4 6
4 368 9 306
10 460 9 60
7 182 6 298
1 49 1 349
3 236 2 86
11 85 11 262
3 5 6 405
5 180 4 214
6 353 7 118
2 159 4 240
9 458 4 203
2 242 6 271
3 152 6 246
9 175 4 308
1 292 6 111
7 214 2 96
5 449 5 261
8 274 11 400
11 465 8 106
11 304 2 133
11 421 5 134
5 87 8 302
8 342 1 43
1 174 2 295
11 418 2 347
8 304 1 214
3 344 3 292
2 357 11 215
5 413 4 29
7 348 8 58
6 408 6 106
1 81 9 417
7 15 11 156
2 251 1 342
11 381 4 126
11 321 3 227

132 282 81
28 206 121 166
88 23 30 153
6 256 18 149
126 147 130 232
77 174 83 251
103 179 39 98
117 234 74 196
49 39 68 190
31 228 125 40
78 240 33 108
79 43 129 63
21 139 49 60
30 65 28 96
1 52 77 164
121 242 63 272
113 255 59 48
24 169 76 87
74 60 31 30
12 247 72 184
9 163 113 47
125 207 22 237
102 210 61 14
37 168 131 129
78 32 54 230
99 24 64 114
78 155 32 277
96 229 76 26
113 66 59 128
110 16 11 249
34 139 93 71
92 64 20 96
107 32 35 250
51 98 123 28
3 181 33 264
4 168 79 52
77 256 41 250
60 13 114 205
36 59 100 153
22 236 100 93
21 189 5 37
9 277 96 178
52 132 124 212
63 48 99 36
95 133 12 150
55 237 99 51
100 250 70 94
92 64 97 253
83 154 28 98
68 193 67 222
42 178 123 246
110 110 95 19
8 281 117 91
76 252 38 229
39 147 115 26
74 142 5 248
18 34 96 225
61 75 132 144
44 149 40 222
49 115 98 91
111 42 26 125
39 46 79 153
81 33 75 208
100 188 130 72
26 160 125 278
19 178 95 141
44 45 9 182
79 81 90 98
85 62 1 94
123 146 82 126
105 78 82 71
108 68 123 218
62 20 91 24
107 1 4 230
14 266 24 18
41 169 22 217
93 27 65 137
81 91 15 159
76 233 60 77
5 69 8 206
67 120 30 147
29 85 111 189

135 70 98
97 30 20 58
4 49 55 49
103 58 41 4
105 69 131 19
85 41 36 51
27 66 113 69
123 60 95 38
111 1 32 27
59 25 28 48
73 11 56 33
64 3 63 55
29 65 47 64
66 46 90 30
34 24 1 14
88 1 45 31
47 5 109 3
71 65 22 18
44 68 45 34
26 6 107 66
107 20 26 63
46 19 115 13
15 46 45 44
109 29 13 33
119 66 33 19
58 33 125 26
134 44 103 4
120 26 51 52
60 7 49 19
51 16 108 42
13 63 72 28
37 3 82 28
68 1 60 12
81 26 122 12
111 12 84 15
49 29 40 55
57 70 45 55
81 66 50 57
97 21 76 22
32 34 14 66
32 35 23 24
47 15 65 56
39 33 73 33
24 10 41 43
105 39 60 7
43 34 27 44
19 7 84 50
19 69 34 13
101 66 108 7
131 38 114 50
70 58 28 66
132 61 31 2
45 51 112 21
53 54 99 36
135 55 121 34
42 36 128 3
61 47 117 18
84 12 42 19
51 18 88 32
121 8 119 62
135 9 82 56
36 61 36 31
41 46 46 20
106 30 46 64
117 50 131 29
2 2 75 23
79 15 43 23
134 29 101 21
99 68 90 13
50 67 100 6
74 56 10 23
133 59 51 56
34 48 78 41
20 13 125 16
115 4 37 58
70 33 114 7
113 17 45 32
36 27 68 54
118 36 14 39
49 37 56 30
36 45 81 42
4 42 6 2
39 35 23 31
75 68 132 67
39 30 134 66
71 49 18 23
84 11 102 35
88 65 82 13
100 38 59 63
10 58 103 43
125 13 3 37
43 66 52 61
109 43 26 3
1 26 102 21
106 37 33 7
57 68 110 65
98 42 30 34
55 68 120 17
133 14 133 11

132 474 31
25 76 90 58
111 300 111 461
97 288 27 314
128 302 88 285
79 191 15 223
13 274 38 314
66 426 79 221
75 199 50 271
54 461 124 117
52 219 89 170
2 122 71 133
30 82 79 374
87 188 111 368
2 24 117 241
111 448 63 370
15 468 67 322
63 185 21 398
124 81 115 209
60 407 28 406
90 344 104 145
97 298 35 270
131 294 68 124
124 432 40 428
39 5 102 290
1 119 61 51
103 194 76 401
14 32 54 320
94 376 15 464
17 180 121 109
106 440 110 414
20 404 73 341

297 112 85
144 77 100 20
288 85 33 13
139 112 38 112
269 43 297 67
289 104 157 62
207 109 206 36
297 13 97 2
142 72 297 24
119 111 82 73
244 107 275 62
235 78 164 111
281 9 177 84
18 80 139 105
167 27 234 81
64 14 145 60
1 108 125 76
133 71 160 36
189 11 199 18
272 108 177 47
270 61 19 4
16 82 273 63
9 40 147 54
277 99 65 91
76 73 65 97
50 110 144 46
143 14 244 82
50 50 115 39
133 13 31 72
195 23 8 23
75 76 194 10
145 53 79 54
239 55 284 95
27 42 13 95
175 77 267 21
61 72 87 95
11 3 41 43
164 85 54 58
58 111 48 102
56 26 84 6
206 94 79 64
120 68 214 110
100 15 254 68
197 38 174 96
189 85 199 3
227 37 101 111
95 57 1 18
1 27 149 82
139 70 154 105
183 69 177 4
79 75 9 6
152 53 230 2
208 13 81 24
85 64 109 15
172 18 167 101
265 112 211 35
246 7 46 5
165 84 294 88
120 91 56 4
109 91 284 76
249 49 78 67
134 29 109 98
24 18 186 40
140 66 88 49
86 25 107 25
113 56 35 67
179 69 242 101
52 49 34 87
242 27 204 60
72 67 104 95
222 97 18 34
103 103 57 19
159 100 216 96
267 75 134 60
258 19 142 34
60 16 45 42
263 34 103 42
87 12 69 15
100 24 40 12
132 73 77 33
116 65 75 48
172 100 9 92
108 76 145 3
209 47 61 30
137 14 31 102
70 95 52 41

336 65 50
45 36 94 31
84 61 70 57
65 54 91 3
27 36 72 41
223 52 21 11
26 20 71 50
23 12 212 42
38 51 170 10
334 50 240 60
292 16 61 32
252 27 247 47
96 18 255 8
15 42 12 22
39 52 85 22
198 12 163 4
269 29 261 8
7 2 54 20
280 18 140 3
313 53 322 54
19 53 249 22
250 37 155 32
141 29 176 2
11 52 164 43
23 19 40 42
79 56 135 43
41 6 205 28
319 32 323 21
334 16 190 49
9 20 25 22
195 44 160 8
205 49 303 40
156 9 153 51
62 59 29 5
15 33 22 16
23 51 83 64
22 59 262 51
68 19 336 14
18 39 109 18
196 34 140 1
99 24 2 3
318 12 271 18
225 3 97 51
9 26 56 12
326 15 42 12
50 39 103 23
193 25 127 30
265 35 35 46
228 12 10 61
68 11 197 48
295 15 149 13

7 249 62
6 64 5 10
7 28 6 120
4 222 1 37
1 159 7 194
4 86 6 38
1 179 3 26
5 219 2 147
5 197 6 162
1 174 7 89
7 65 5 45
2 150 5 61
3 144 3 241
4 223 7 70
1 93 1 96
1 138 4 194
4 7 1 43
1 202 4 149
6 33 2 226
1 61 2 160
7 86 2 140
2 15 7 68
7 34 2 223
2 64 2 223
3 242 6 226
2 62 7 160
3 33 7 178
4 223 2 22
3 5 5 80
4 159 2 155
5 218 1 247
7 8 1 120
6 89 4 127
1 243 2 249
6 45 1 18
2 89 2 132
4 51 6 104
6 89 6 159
1 141 4 212
7 106 1 175
5 209 3 216
3 118 3 94
7 126 1 212
6 181 7 185
5 201 2 106
3 163 1 11
3 122 6 13
6 76 7 181
2 246 3 213
3 132 1 177
1 63 1 236
2 157 2 175
5 61 6 236
2 69 2 41
2 212 1 98
4 211 2 185
1 19 5 245
4 14 1 183
2 70 5 216
1 200 2 249
4 14 7 246
4 21 2 237
2 139 7 222

147 440 78
95 327 88 190
7 150 54 183
7 154 60 294
94 252 61 331
61 242 40 121
18 290 108 173
51 352 139 395
3 330 35 331
58 226 45 418
145 59 56 59
137 295 93 399
64 336 19 83
83 374 30 273
120 193 102 362
71 408 133 219
49 369 51 301
100 33 33 137
66 398 93 307
139 371 36 166
95 428 21 97
38 291 3 113
122 130 41 87
7 210 12 371
39 371 129 433
75 205 53 331
50 335 126 215
88 125 135 266
11 231 57 85
20 408 30 408
59 197 51 244
107 263 15 69
85 170 63 416
23 238 70 256
48 429 7 88
68 127 75 12
16 171 20 384
11 439 136 406
68 97 54 314
23 111 98 272
58 156 31 49
15 268 23 241
101 226 128 340
77 239 66 43
122 326 39 49
2 38 62 35
107 256 6 328
60 145 34 29
114 50 99 380
14 374 56 229
84 148 50 181
122 62 51 175
18 361 36 81
71 358 144 296
89 288 127 198
101 287 76 291
71 364 5 321
136 350 109 125
96 92 8 43
125 20 136 161
93 36 89 15
120 87 111 20
55 322 54 205
77 375 3 330
130 313 99 33
118 186 116 96
80 186 7 5
1 65 78 40
91 222 124 403
135 56 143 248
110 301 144 68
78 218 30 258
45 275 85 252
12 27 59 62
58 422 112 99
23 300 124 44
18 385 63 357
88 395 93 34
43 35 40 291

405 428 14
40 167 51 93
88 410 200 91
85 89 18 60
171 257 141 360
115 62 145 301
46 220 116 180
2 155 91 346
303 123 7 218
293 306 402 74
239 62 280 80
336 116 48 331
64 165 234 253
117 403 237 204
362 95 43 252

106 108 75
57 98 88 64
100 28 3 78
42 8 35 59
54 24 102 35
2 43 77 11
40 100 5 43
27 102 4 11
40 55 22 55
49 10 6 106
96 26 22 83
90 68 43 51
84 83 5 74
78 6 63 6
21 17 3 48
41 66 25 72
63 43 69 108
73 23 1 23
47 49 70 87
5 57 72 56
85 70 35 71
62 62 101 56
35 108 105 82
69 40 52 107
35 106 15 42
9 96 91 31
33 101 43 84
57 33 99 10
70 36 86 74
59 66 62 56
84 104 16 15
30 96 2 2
53 96 58 15
95 1 17 54
86 11 103 40
59 80 74 9
14 89 71 86
91 30 97 3
1 38 82 88
7 94 58 22
77 102 41 73
30 98 101 72
91 54 28 36
11 49 68 32
6 98 96 72
97 82 82 33
48 84 89 89
45 51 100 99
57 52 106 73
87 44 86 96
9 26 46 20
94 80 100 48
14 97 48 16
13 51 22 34
104 48 39 86
91 79 59 45
90 64 71 107
91 82 59 63
78 44 57 7
10 81 42 62
67 97 101 54
40 56 97 13
28 97 24 18
90 96 41 51
13 40 93 75
45 72 38 9
92 3 23 79
64 53 72 20
61 79 24 22
28 90 89 12
51 28 35 42
24 76 30 19
92 87 58 48
35 99 7 46
100 7 31 78
99 23 50 98

420 165 20
35 121 248 93
109 57 160 145
42 112 90 148
319 99 6 32
99 48 358 13
202 138 232 26
401 62 3 145
186 35 318 87
158 65 78 37
25 144 289 70
214 64 250 115
360 5 315 13
149 68 301 90
364 17 255 165
280 24 194 110
350 99 359 139
235 121 88 142
64 53 96 36
310 42 237 5
218 55 373 124

363 26 24
189 25 261 9
361 12 266 6
76 7 217 18
285 6 58 3
284 15 187 9
51 22 155 10
334 2 87 9
274 10 258 10
19 7 86 19
1 11 46 2
308 17 44 19
88 11 157 14
38 6 355 15
202 1 360 8
27 18 267 3
283 5 163 7
206 24 259 6
98 15 356 19
238 24 32 2
151 23 55 25
324 5 269 23
122 10 240 23
279 14 107 2
47 5 180 9

14 126 97
8 121 1 10
5 50 8 38
9 45 6 77
13 7 1 122
1 38 9 18
5 17 13 81
6 35 5 12
2 96 8 27
11 55 11 101
1 20 6 23
13 34 14 113
13 42 6 44
10 119 12 20
6 27 3 96
14 15 13 9
3 102 4 63
8 49 11 106
14 103 6 6
1 116 14 86
1 97 14 121
6 116 3 101
10 84 4 100
13 64 1 116
5 80 2 32
14 111 2 40
14 19 8 110
10 23 7 16
4 66 14 32
14 4 13 20
1 119 11 108
13 124 13 103
10 13 7 125
3 32 8 63
4 30 11 98
13 29 11 59
13 114 2 116
7 119 9 86
4 80 5 16
1 10 4 5
8 125 10 66
8 98 13 86
1 27 8 117
14 5 4 18
6 34 6 92
5 94 13 74
10 52 10 105
2 59 4 2
7 24 9 73
10 3 2 33
1 38 9 96
1 124 11 81
12 22 13 72
3 44 13 73
4 17 14 60
12 7 3 49
10 3 8 18
9 69 3 125
11 116 8 97
14 60 8 64
12 49 9 57
4 6 1 25
6 97 3 68
11 109 8 99
13 66 3 48
4 26 5 66
5 68 4 71
4 6 5 80
8 69 7 66
10 11 5 41
13 42 11 90
2 103 6 5
8 15 10 51
4 99 2 83
2 114 5 112
14 32 12 103
12 90 7 6
6 119 14 95
11 18 9 109
10 37 13 12
2 40 1 74
7 35 8 55
13 82 3 72
7 124 14 126
1 102 11 62
5 11 9 80
5 47 4 102
14 63 13 6
8 81 2 45
8 106 6 116
8 95 2 74
9 18 8 62
8 15 12 40
13 41 6 10
12 71 8 93
11 5 13 2
12 121 3 41
12 87 12 49

454 332 22
205 256 304 207
256 242 124 24
321 207 349 213
12 316 140 253
321 97 355 257
93 328 445 260
365 205 360 67
270 316 267 189
323 293 15 278
167 245 333 254
389 227 387 5
21 138 428 249
77 66 81 187
68 221 225 313
290 11 241 187
340 212 277 76
70 321 177 232
447 25 143 312
343 290 93 298
82 14 208 141
18 243 236 179
110 306 328 45

473 231 25
103 147 210 100
315 228 300 205
2 201 327 81
118 126 267 93
342 117 93 88
378 187 38 149
350 78 226 158
358 114 58 191
137 167 215 150
101 224 214 141
72 27 209 161
367 27 23 193
23 44 136 92
379 198 353 8
382 27 7 103
12 208 166 105
383 71 236 25
471 205 144 44
270 68 235 51
251 204 351 85
138 14 350 122
459 231 146 7
332 34 4 73
108 209 38 24
180 192 470 10

348 106 98
1 95 80 27
3 4 179 87
161 77 12 47
182 49 103 45
34 81 170 88
236 30 116 74
223 37 207 34
182 21 113 27
67 50 293 60
19 93 5 76
108 97 94 29
34 83 154 10
250 42 105 33
8 6 123 58
336 38 129 50
220 65 118 43
220 58 200 32
90 98 331 92
134 34 197 21
12 94 242 19
261 58 78 56
188 59 21 20
286 66 199 70
152 12 12 102
335 41 241 26
283 71 224 83
65 69 56 36
135 27 253 1
82 20 62 58
126 66 59 7
75 14 185 39
184 63 304 55
51 27 337 55
112 89 124 78
183 82 56 104
159 21 104 86
313 98 104 41
303 27 173 69
213 4 44 12
25 90 326 7
110 79 248 86
36 30 49 14
246 27 4 4
272 101 338 103
261 20 81 59
240 16 166 32
107 69 312 15
108 11 141 24
195 64 201 43
139 61 340 57
64 31 189 23
274 20 137 64
224 48 112 106
167 68 282 43
84 93 264 31
71 93 30 5
46 18 208 97
173 6 336 44
135 99 31 21
341 61 1 44
25 38 270 38
234 5 342 66
238 52 285 75
44 16 16 18
211 56 55 68
266 81 47 10
258 41 237 93
93 85 63 44
4 25 343 53
143 30 90 51
132 91 15 27
1 67 48 74
70 77 171 54
338 81 105 35
53 81 312 10
154 80 143 36
265 22 306 13
144 31 57 46
250 54 145 28
240 6 165 60
103 64 247 93
158 62 135 68
4 1 339 54
20 62 332 55
37 101 255 38
276 48 296 20
32 14 163 67
28 77 164 68
83 45 325 72
36 65 324 57
123 89 187 43
248 19 6 33
50 34 240 88
315 18 198 24
298 1 138 76
53 103 336 97
72 65 109 5
313 28 258 77

134 494 10
13 374 74 375
119 89 88 426
92 87 55 390
121 406 119 236
13 85 114 278
133 199 102 390
26 322 43 2
67 11 105 120
112 83 114 398
28 471 13 398

223 198 72
64 127 197 71
189 27 87 73
171 7 17 24
31 62 170 163
75 115 143 62
205 42 116 117
218 6 108 139
74 6 161 169
52 2 130 5
56 133 2 174
50 174 133 144
13 42 140 92
97 122 66 117
186 127 9 61
110 18 58 163
70 31 116 156
139 157 189 15
131 172 183 145
75 196 147 180
178 78 91 112
113 166 127 136
128 189 173 88
174 81 75 179
129 74 120 61
145 131 222 92
165 3 59 169
50 72 204 178
39 31 164 198
87 86 188 194
141 166 59 141
59 47 10 68
21 18 165 63
195 60 173 100
145 28 155 152
136 195 54 53
17 104 216 54
143 13 29 140
115 36 176 190
214 59 203 84
159 188 27 177
150 73 37 169
97 101 85 120
191 63 1 195
99 149 98 192
66 175 146 192
188 121 95 121
104 158 218 149
105 164 67 134
202 99 166 108
62 25 62 22
168 161 164 66
91 166 65 61
8 103 213 44
68 1 40 43
220 184 96 162
106 167 195 85
17 64 19 193
83 143 80 127
190 80 89 195
22 4 101 20
29 118 217 56
158 189 174 187
68 172 214 93
209 166 50 105
38 189 94 73
32 53 65 132
65 102 78 192
170 50 185 155
100 140 5 66
8 60 222 11
180 55 130 82
44 178 122 90

367 455 51
187 310 324 37
155 128 166 275
135 90 76 295
43 388 356 404
353 403 166 257
42 102 317 393
128 139 365 202
197 434 338 368
76 400 115 185
40 152 93 30
264 438 192 250
93 68 195 14
158 55 167 124
146 103 323 10
69 84 34 356
46 92 217 85
216 219 250 163
80 51 67 164
301 417 178 432
308 18 319 40
1 87 235 167
231 395 84 201
283 427 301 410
179 352 153 413
85 411 201 242
151 6 164 172
160 3 113 224
220 253 2 5
190 280 23 265
231 324 235 48
229 302 143 276
159 356 217 21
138 350 167 355
192 346 268 112
312 202 72 60
105 422 113 442
280 80 173 406
140 259 176 122
81 317 207 428
81 276 82 429
29 8 133 93
149 115 289 167
57 316 71 2
297 287 125 196
335 406 327 238
222 227 269 217
361 274 298 92
205 400 282 73
281 352 132 76
186 309 313 162
144 214 17 240

246 374 52
153 5 99 228
209 216 80 219
151 285 229 48
199 264 65 255
119 119 112 325
61 164 186 51
215 295 52 71
149 291 21 26
127 137 136 311
204 340 188 77
17 257 56 157
2 68 37 320
18 364 84 68
146 255 174 105
224 114 127 40
133 141 224 220
109 129 87 298
1 101 54 143
118 364 224 290
98 252 223 9
75 233 206 200
200 364 168 184
212 75 45 81
79 94 12 203
192 90 53 214
84 219 110 67
106 15 176 24
5 185 164 236
168 93 79 366
174 367 127 41
211 32 227 159
57 41 230 258
238 332 21 74
69 247 139 309
243 285 132 141
141 255 135 193
94 112 83 348
182 98 2 94
118 39 154 229
196 33 185 126
26 127 71 116
127 215 12 269
64 36 209 232
153 58 103 26
7 108 193 236
207 241 78 312
240 235 31 95
149 249 15 217
237 302 177 197
150 47 134 335
107 254 165 313
243 37 27 121

113 180 80
92 151 6 88
35 101 21 145
105 44 78 149
1 118 46 145
88 43 69 50
46 135 56 1
72 148 76 82
24 48 109 94
27 167 39 84
36 34 29 22
78 50 29 55
54 94 3 3
86 102 108 25
17 82 35 88
23 107 100 65
54 40 46 56
63 151 77 45
82 161 64 141
113 75 76 89
81 139 22 122
71 174 63 94
88 83 29 150
99 12 65 52
83 8 97 98
20 117 68 36
26 78 22 95
103 179 87 90
40 28 71 2
77 107 14 120
46 30 8 38
73 125 85 38
111 19 75 141
33 99 105 80
35 145 69 159
41 94 80 23
92 120 37 170
1 150 71 108
103 15 98 84
37 33 81 135
10 7 55 69
105 11 90 138
34 14 61 2
4 133 111 148
43 101 72 14
61 25 41 162
1 166 8 29
58 51 13 33
83 103 35 49
105 132 79 129
32 101 5 155
57 98 40 120
11 18 22 124
2 37 108 157
26 107 40 77
79 177 99 105
44 123 49 9
102 61 39 66
22 146 56 175
8 14 106 111
98 167 105 158
111 178 36 102
104 39 87 51
11 86 29 102
38 91 52 22
35 160 97 117
91 98 67 106
105 93 16 18
42 128 10 28
90 89 81 120
22 16 75 44
87 26 93 98
75 67 34 76
49 100 72 17
73 103 34 111
5 80 78 73
16 81 34 3
72 4 77 100
7 123 76 119
68 105 53 89
36 155 23 130

83 445 13
63 383 76 405
54 126 1 21
59 125 81 45
70 173 70 202
45 272 7 392
82 36 33 383
30 356 7 359
56 315 27 231
47 198 67 441
7 53 33 329
10 410 22 254
66 439 53 84
83 111 29 374

97 414 23
60 389 90 68
76 110 82 52
39 414 71 173
44 393 80 157
40 112 34 387
31 373 63 1
90 310 16 216
36 208 50 2
29 173 10 374
2 62 67 278
59 300 70 271
37 298 83 28
20 7 70 198
11 334 3 386
95 1 31 284
78 280 86 285
17 377 9 208
90 283 14 298
33 190 62 269
19 70 97 294
35 414 12 114
69 236 90 361
84 86 70 257

367 438 15
232 52 321 416
122 203 59 405
156 167 237 16
304 241 150 287
199 421 331 93
47 123 226 400
70 77 76 414
131 401 154 284
187 391 344 156
242 194 244 193
12 207 202 254
280 398 52 313
283 398 331 93
93 47 218 368
209 281 104 301

497 12 85
89 7 141 1
51 10 160 9
24 10 452 9
258 4 494 3
14 1 19 11
123 4 228 7
463 2 421 10
105 1 427 6
76 6 83 5
114 7 156 12
158 11 385 11
189 8 467 7
357 7 101 1
326 2 393 7
153 11 117 8
7 7 348 4
168 5 241 1
253 11 463 11
198 6 179 3
312 2 36 6
21 4 64 4
121 4 187 11
363 1 221 12
182 3 177 5
361 6 336 4
187 8 262 7
228 1 63 8
227 10 40 3
123 12 425 10
192 9 360 12
430 8 282 1
154 5 347 1
440 3 222 2
77 5 344 4
294 2 402 3
443 8 14 11
146 8 376 7
140 7 320 2
81 8 482 3
382 9 348 7
84 3 382 1
488 10 260 9
404 7 267 3
345 12 102 1
33 2 270 4
436 9 156 12
496 9 242 3
246 7 23 8
493 10 11 10
375 3 105 6
355 10 357 5
261 10 103 2
149 3 28 5
39 3 72 3
227 4 45 9
487 3 189 3
137 3 390 4
122 8 263 4
403 2 9 5
426 3 36 2
154 11 336 5
267 1 459 10
239 7 142 12
270 1 424 5
1 8 19 1
457 9 100 3
269 3 254 10
421 1 462 12
268 7 28 12
328 3 363 10
397 3 288 5
192 6 455 5
432 8 16 9
95 10 299 6
490 1 270 12
337 5 206 4
6 1 484 4
366 10 11 7
457 5 40 4
230 8 93 4
146 7 208 1
113 11 133 6
44 12 359 4
71 12 199 12
333 3 408 6

328 452 99
284 168 55 452
208 394 161 343
245 99 285 171
89 276 328 323
66 80 132 335
322 365 44 22
301 118 171 245
41 107 158 295
70 121 143 15
5 48 131 226
125 194 134 130
76 269 102 365
187 128 277 230
37 70 59 233
130 208 155 69
151 308 324 23
32 313 164 168
288 429 96 427
176 320 55 348
22 400 87 104
200 174 95 434
18 294 304 301
277 329 94 199
240 242 219 346
314 315 125 133
257 70 151 65
117 136 38 308
193 215 277 306
51 6 307 298
9 293 234 440
310 240 20 364
85 285 129 73
38 360 116 71
135 306 191 441
53 175 124 212
267 28 38 76
65 301 7 344
121 320 91 332
150 126 76 104
222 14 176 196
82 207 240 178
251 309 82 71
79 51 169 62
260 251 116 30
300 126 308 218
114 270 146 30
132 381 64 119
210 216 86 43
38 268 289 10
220 243 175 327
20 255 310 355
325 246 301 247
180 337 75 57
213 351 311 418
258 20 127 245
10 195 13 449
147 259 103 282
91 141 38 17
83 359 41 39
197 155 91 57
200 415 154 261
322 191 298 267
253 68 193 125
245 248 108 139
113 329 322 396
279 122 87 137
237 364 316 134
46 209 29 290
161 43 99 354
288 411 179 303
263 404 142 344
300 314 323 241
255 377 130 234
225 403 50 14
18 245 38 108
141 277 3 343
311 241 293 132
192 366 322 48
64 428 327 162
222 193 249 231
325 280 231 401
129 387 15 37
193 190 254 372
12 322 324 216
264 422 319 94
289 181 239 71
144 204 66 235
132 233 168 405
101 349 298 169
134 18 166 58
50 131 294 244
11 172 322 52
255 433 267 105
52 303 66 416
126 221 104 347
158 195 95 303
68 416 81 437
193 240 328 81
46 213 221 198

130 108 87
113 26 130 100
9 21 106 79
26 46 48 25
43 87 52 30
86 25 47 69
123 89 98 59
55 101 34 27
76 19 76 2
41 102 48 102
18 55 98 15
123 29 13 78
96 44 119 2
15 66 29 27
83 31 59 100
16 75 94 108
42 29 64 33
85 106 13 97
44 70 44 88
57 11 59 77
79 32 117 69
12 103 63 17
114 58 7 108
92 70 115 96
29 86 106 7
103 67 114 73
100 60 9 40
97 43 17 96
89 48 46 16
115 25 13 73
38 3 1 85
110 53 84 11
118 38 99 69
93 76 112 86
101 66 67 53
41 90 47 101
47 31 76 27
46 84 32 57
6 98 32 53
100 94 50 93
32 27 95 99
126 94 45 68
24 55 113 89
127 71 78 66
30 82 36 43
80 11 71 55
80 86 10 42
125 89 103 46
75 90 80 34
58 12 24 15
18 64 72 58
122 75 89 30
39 29 69 82
40 55 126 66
112 107 8 14
49 64 129 94
85 62 97 104
43 47 67 103
24 80 48 58
106 17 6 57
115 11 83 49
34 95 107 69
125 75 47 52
26 16 48 78
59 84 81 59
36 23 115 57
25 49 87 92
75 70 20 42
100 24 75 13
122 52 123 10
65 103 35 80
19 76 98 12
67 95 48 93
33 107 37 35
74 15 122 48
62 14 13 79
20 97 56 57
106 82 58 92
70 58 82 13
32 85 46 45
83 17 39 72
79 76 121 7
110 31 19 66
35 104 38 27
69 6 110 104
16 100 90 47
47 70 71 1
111 62 103 50

62 290 28
3 100 61 256
51 109 1 258
42 121 32 166
60 168 6 126
6 251 6 229
53 148 17 18
49 231 53 60
28 88 5 190
19 82 21 111
9 287 58 163
28 194 34 153
12 38 38 61
2 146 27 14
14 31 24 127
37 36 2 182
52 274 4 106
24 242 41 268
9 251 23 285
6 212 9 276
6 111 4 71
32 37 41 5
39 25 53 262
60 190 32 101
34 286 18 264
27 266 44 90
27 157 15 128
16 236 22 67
2 81 57 158

308 464 16
215 390 188 117
90 330 240 113
79 235 230 60
218 74 217 4
86 376 155 455
229 422 256 57
95 13 220 19
135 16 286 110
67 158 293 384
181 204 296 22
66 98 145 259
306 101 279 104
140 278 156 181
87 392 140 94
185 279 303 113
299 312 201 423

222 279 83
120 73 110 89
42 3 153 10
82 264 156 99
177 31 157 14
196 29 87 117
208 203 79 252
113 146 64 129
7 67 10 251
176 186 103 86
26 278 215 97
167 177 145 190
10 181 59 209
98 78 177 249
151 267 123 81
52 152 14 127
176 153 95 256
199 233 21 246
123 102 66 243
207 72 204 66
74 122 162 225
221 257 116 275
110 141 51 246
113 274 94 83
63 44 20 107
131 140 38 19
119 278 190 162
170 4 48 136
12 139 192 269
88 167 66 200
52 155 93 129
199 220 96 50
114 214 144 220
10 49 174 39
205 134 165 204
161 23 35 69
5 63 121 43
206 270 173 200
168 28 151 28
83 104 149 28
199 253 50 265
187 4 77 75
83 189 38 153
198 178 108 222
144 201 213 231
14 38 27 45
119 240 106 232
29 159 95 265
57 72 194 112
172 172 171 151
84 43 145 247
124 79 56 55
128 69 178 18
69 179 48 7
58 226 174 91
80 241 158 273
53 187 165 242
8 157 22 231
6 209 95 62
96 49 1 216
11 249 65 33
83 1 143 150
140 151 109 245
107 146 52 219
153 253 113 11
56 244 61 226
182 251 99 60
96 127 7 113
160 125 78 63
216 112 112 135
213 2 178 239
203 2 7 214
149 221 32 95
99 158 122 202
151 273 213 14
153 39 69 59
14 119 180 220
99 65 3 96
36 91 185 100
200 185 141 245
60 146 166 46
192 206 111 265
209 114 77 275
77 253 74 35

398 161 87
55 34 273 156
252 134 250 101
15 11 244 156
240 23 280 54
240 51 151 60
148 131 315 156
359 161 280 143
220 144 187 128
381 63 51 125
147 140 150 147
200 111 329 65
321 115 235 19
344 161 239 28
353 18 60 25
255 145 236 116
169 117 21 126
333 75 204 59
80 137 396 66
180 160 383 147
386 7 113 106
347 14 91 81
91 21 76 59
279 111 347 97
180 55 32 67
295 66 298 59
55 2 17 100
29 27 211 84
378 25 366 85
377 43 124 4
398 105 73 99
314 147 147 143
365 84 95 85
137 21 12 95
152 99 208 8
365 121 267 147
314 112 293 116
307 27 337 37
134 83 79 60
254 17 210 104
249 121 262 60
137 149 195 100
267 99 89 101
93 27 318 87
157 67 302 48
159 106 308 53
363 27 297 11
271 95 293 30
103 96 102 113
55 144 351 38
239 76 18 53
386 109 111 92
216 111 50 41
361 15 129 28
233 112 48 22
19 92 133 95
141 109 290 126
329 159 95 88
122 61 268 7
176 147 34 67
215 71 36 90
296 19 2 159
301 128 155 88
357 98 109 96
259 130 86 59
79 14 348 122
312 7 94 40
129 59 326 41
90 50 274 35
20 36 371 105
9 44 164 102
37 16 48 39
167 62 390 16
167 53 20 145
222 55 390 125
395 64 270 150
119 76 27 25
133 50 72 45
335 3 327 61
341 54 22 46
183 58 289 45
135 54 390 123
273 110 371 8
73 27 196 16
129 111 328 55
318 17 173 121
81 6 281 12
176 155 83 29

388 456 25
3 16 269 95
132 223 139 77
226 451 249 71
16 137 84 35
122 158 29 378
357 78 305 47
335 364 91 140
88 441 61 350
285 39 250 361
346 264 8 231
139 395 385 285
222 224 362 415
212 379 66 21
57 246 388 69
93 178 40 140
24 206 203 31
272 356 381 47
18 127 307 116
79 178 225 433
319 213 221 112
23 329 369 391
50 55 285 140
93 179 53 373
353 143 165 259
277 149 205 72

424 328 55
22 325 184 120
250 141 59 264
97 183 280 121
217 146 18 121
267 261 72 288
400 293 11 92
402 146 395 272
180 299 103 44
20 127 164 131
408 151 1 304
215 152 408 219
266 36 14 203
42 283 15 196
364 182 140 323
34 109 214 47
219 225 416 283
303 140 40 113
163 152 150 257
308 198 328 322
162 88 109 288
378 49 232 15
281 315 120 295
389 72 334 64
14 29 70 128
342 29 194 91
340 114 123 226
143 273 25 279
209 46 37 320
74 245 21 202
255 36 8 239
411 309 163 27
148 64 59 28
145 328 43 160
19 236 48 244
321 49 91 178
304 14 111 2
402 105 252 100
407 264 372 84
114 123 140 240
134 216 13 222
128 110 219 97
358 222 333 70
336 198 390 242
422 129 131 14
379 84 103 246
88 313 364 142
52 273 42 126
227 310 204 255
28 103 201 14
415 8 201 241
342 129 306 48
372 293 353 110
100 166 84 63
179 214 375 60
216 193 253 101

487 366 57
432 106 285 283
387 1 281 228
18 109 291 124
188 258 21 133
125 361 96 226
223 245 136 222
280 365 193 247
455 74 130 134
468 278 462 177
55 61 217 364
264 149 403 239
108 290 234 164
319 215 264 262
330 328 133 25
214 78 417 114
231 285 48 229
4 75 173 114
188 279 434 28
424 250 68 363
439 332 306 147
22 330 237 302
55 178 136 276
16 175 390 29
294 17 11 138
90 214 256 94
8 289 149 90
96 254 374 258
303 351 78 224
359 203 364 8
140 24 319 13
440 264 330 281
69 286 88 259
464 235 293 177
455 183 213 317
425 309 250 134
52 170 332 189
36 171 19 247
402 143 261 272
100 328 314 98
281 113 448 298
259 9 72 354
225 58 324 281
208 165 17 110
22 32 279 4
417 174 171 115
362 87 62 82
128 52 487 298
455 181 249 300
148 273 426 335
11 234 146 106
478 50 200 24
37 202 346 164
167 91 259 104
285 235 408 278
282 207 363 295
164 342 285 309
199 221 443 252

227 153 1
209 45 154 8

388 117 25
77 77 272 77
150 57 14 75
381 49 165 34
190 75 357 20
159 9 335 75
13 40 71 86
272 98 304 70
25 35 257 44
80 58 102 106
52 84 187 82
262 97 260 77
240 89 195 52
157 48 365 25
352 36 299 76
279 95 332 2
334 27 178 117
221 95 95 66
208 42 236 29
92 31 220 31
158 84 102 44
18 57 230 110
187 60 235 40
142 5 73 13
176 51 153 100
232 12 286 68

0 0 0
