1
2
3
4
5
6
7
8
9
10
11
12
13
14
15
16
17
18
19
20
21
22
23
24
25
26
27
28
29
30
31
32
33
34
35
36
37
38
39
40
41
42
43
44
45
46
47
48
49
50
51
52
53
54
55
56
57
58
59
60
61
62
63
64
65
66
67
68
69
70
71
72
73
74
75
76
77
78
79
80
81
82
83
84
85
86
87
88
89
90
91
92
93
94
95
96
97
98
99
100
101
102
103
104
105
106
107
108
109
110
111
112
113
114
115
116
117
118
119
120
121
122
123
124
125
126
127
128
129
130
131
132
133
134
135
136
137
138
139
140
141
142
143
144
145
146
147
148
149
150
151
152
153
154
155
156
157
158
159
160
161
162
163
164
165
166
167
168
169
170
171
172
173
174
175
176
177
178
179
180
181
182
183
184
185
186
187
188
189
190
191
192
193
194
195
196
197
198
199
200
201
202
203
204
205
206
207
208
209
210
211
212
213
214
215
216
217
218
219
220
221
222
223
224
225
226
227
228
229
230
231
232
233
234
235
236
237
238
239
240
241
242
243
244
245
246
247
248
249
250
251
252
253
254
255
256
257
258
259
260
261
262
263
264
265
266
267
268
269
270
271
272
273
274
275
276
277
278
279
280
281
282
283
284
285
286
287
288
289
290
291
292
293
294
295
296
297
298
299
300
301
302
303
304
305
306
307
308
309
310
311
312
313
314
315
316
317
318
319
320
321
322
323
324
325
326
327
328
329
330
331
332
333
334
335
336
337
338
339
340
341
342
343
344
345
346
347
348
349
350
351
352
353
354
355
356
357
358
359
360
361
362
363
364
365
366
367
368
369
370
371
372
373
374
375
376
377
378
379
380
381
382
383
384
385
386
387
388
389
390
391
392
393
394
395
396
397
398
399
400
401
402
403
404
405
406
407
408
409
410
411
412
413
414
415
416
417
418
419
420
421
422
423
424
425
426
427
428
429
430
431
432
433
434
435
436
437
438
439
440
441
442
443
444
445
446
447
448
449
450
451
452
453
454
455
456
457
458
459
460
461
462
463
464
465
466
467
468
469
470
471
472
473
474
475
476
477
478
479
480
481
482
483
484
485
486
487
488
489
490
491
492
493
494
495
496
497
498
499
500
501
502
503
504
505
506
507
508
509
510
511
512
513
514
515
516
517
518
519
520
521
522
523
524
525
526
527
528
529
530
531
532
533
534
535
536
537
538
539
540
541
542
543
544
545
546
547
548
549
550
551
552
553
554
555
556
557
558
559
560
561
562
563
564
565
566
567
568
569
570
571
572
573
574
575
576
577
578
579
580
581
582
583
584
585
586
587
588
589
590
591
592
593
594
595
596
597
598
599
600
601
602
603
604
605
606
607
608
609
610
611
612
613
614
615
616
617
618
619
620
621
622
623
624
625
626
627
628
629
630
631
632
633
634
635
636
637
638
639
640
641
642
643
644
645
646
647
648
649
650
651
652
653
654
655
656
657
658
659
660
661
662
663
664
665
666
667
668
669
670
671
672
673
674
675
676
677
678
679
680
681
682
683
684
685
686
687
688
689
690
691
692
693
694
695
696
697
698
699
700
701
702
703
704
705
706
707
708
709
710
711
712
713
714
715
716
717
718
719
720
721
722
723
724
725
726
727
728
729
730
731
732
733
734
735
736
737
738
739
740
741
742
743
744
745
746
747
748
749
750
751
752
753
754
755
756
757
758
759
760
761
762
763
764
765
766
767
768
769
770
771
772
773
774
775
776
777
778
779
780
781
782
783
784
785
786
787
788
789
790
791
792
793
794
795
796
797
798
799
800
801
802
803
804
805
806
807
808
809
810
811
812
813
814
815
816
817
818
819
820
821
822
823
824
825
826
827
828
829
830
831
832
833
834
835
836
837
838
839
840
841
842
843
844
845
846
847
848
849
850
851
852
853
854
855
856
857
858
859
860
861
862
863
864
865
866
867
868
869
870
871
872
873
874
875
876
877
878
879
880
881
882
883
884
885
886
887
888
889
890
891
892
893
894
895
896
897
898
899
900
901
902
903
904
905
906
907
908
909
910
911
912
913
914
915
916
917
918
919
920
921
922
923
924
925
926
927
928
929
930
931
932
933
934
935
936
937
938
939
940
941
942
943
944
945
946
947
948
949
950
951
952
953
954
955
956
957
958
959
960
961
962
963
964
965
966
967
968
969
970
971
972
973
974
975
976
977
978
979
980
981
982
983
984
985
986
987
988
989
990
991
992
993
994
995
996
997
998
999
1000
1001
1002
1003
1004
1005
1006
1007
1008
1009
1010
1011
1012
1013
1014
1015
1016
1017
1018
1019
1020
1021
1022
1023
1024
2000000
1999999
1999998
1999997
1999996
1999995
1999994
1999993
1999992
1999991
1999990
1999989
1999988
1999987
1999986
1999985
1999984
1999983
1999982
1999981
1999980
1999979
1999978
1999977
1999976
1999975
1999974
1999973
1999972
1999971
1999970
1999969
1999968
1999967
1999966
1999965
1999964
1999963
1999962
1999961
1999960
1999959
1999958
1999957
1999956
1999955
1999954
1999953
1999952
1999951
1999950
1999949
1999948
1999947
1999946
1999945
1999944
1999943
1999942
1999941
1999940
1999939
1999938
1999937
1999936
1999935
1999934
1999933
1999932
1999931
1999930
1999929
1999928
1999927
1999926
1999925
1999924
1999923
1999922
1999921
1999920
1999919
1999918
1999917
1999916
1999915
1999914
1999913
1999912
1999911
1999910
1999909
1999908
1999907
1999906
1999905
1999904
1999903
1999902
1999901
1999900
1999899
1999898
1999897
1999896
1999895
1999894
1999893
1999892
1999891
1999890
1999889
1999888
1999887
1999886
1999885
1999884
1999883
1999882
1999881
1999880
1999879
1999878
1999877
1999876
1999875
1999874
1999873
1999872
1999871
1999870
1999869
1999868
1999867
1999866
1999865
1999864
1999863
1999862
1999861
1999860
1999859
1999858
1999857
1999856
1999855
1999854
1999853
1999852
1999851
1999850
1999849
1999848
1999847
1999846
1999845
1999844
1999843
1999842
1999841
1999840
1999839
1999838
1999837
1999836
1999835
1999834
1999833
1999832
1999831
1999830
1999829
1999828
1999827
1999826
1999825
1999824
1999823
1999822
1999821
1999820
1999819
1999818
1999817
1999816
1999815
1999814
1999813
1999812
1999811
1999810
1999809
1999808
1999807
1999806
1999805
1999804
1999803
1999802
1999801
1999800
1999799
1999798
1999797
1999796
1999795
1999794
1999793
1999792
1999791
1999790
1999789
1999788
1999787
1999786
1999785
1999784
1999783
1999782
1999781
1999780
1999779
1999778
1999777
1999776
1999775
1999774
1999773
1999772
1999771
1999770
1999769
1999768
1999767
1999766
1999765
1999764
1999763
1999762
1999761
1999760
1999759
1999758
1999757
1999756
1999755
1999754
1999753
1999752
1999751
1999750
1999749
1999748
1999747
1999746
1999745
1999744
1999743
1999742
1999741
1999740
1999739
1999738
1999737
1999736
1999735
1999734
1999733
1999732
1999731
1999730
1999729
1999728
1999727
1999726
1999725
1999724
1999723
1999722
1999721
1999720
1999719
1999718
1999717
1999716
1999715
1999714
1999713
1999712
1999711
1999710
1999709
1999708
1999707
1999706
1999705
1999704
1999703
1999702
1999701
1999700
1999699
1999698
1999697
1999696
1999695
1999694
1999693
1999692
1999691
1999690
1999689
1999688
1999687
1999686
1999685
1999684
1999683
1999682
1999681
1999680
1999679
1999678
1999677
1999676
1999675
1999674
1999673
1999672
1999671
1999670
1999669
1999668
1999667
1999666
1999665
1999664
1999663
1999662
1999661
1999660
1999659
1999658
1999657
1999656
1999655
1999654
1999653
1999652
1999651
1999650
1999649
1999648
1999647
1999646
1999645
1999644
1999643
1999642
1999641
1999640
1999639
1999638
1999637
1999636
1999635
1999634
1999633
1999632
1999631
1999630
1999629
1999628
1999627
1999626
1999625
1999624
1999623
1999622
1999621
1999620
1999619
1999618
1999617
1999616
1999615
1999614
1999613
1999612
1999611
1999610
1999609
1999608
1999607
1999606
1999605
1999604
1999603
1999602
1999601
1999600
1999599
1999598
1999597
1999596
1999595
1999594
1999593
1999592
1999591
1999590
1999589
1999588
1999587
1999586
1999585
1999584
1999583
1999582
1999581
1999580
1999579
1999578
1999577
1999576
1999575
1999574
1999573
1999572
1999571
1999570
1999569
1999568
1999567
1999566
1999565
1999564
1999563
1999562
1999561
1999560
1999559
1999558
1999557
1999556
1999555
1999554
1999553
1999552
1999551
1999550
1999549
1999548
1999547
1999546
1999545
1999544
1999543
1999542
1999541
1999540
1999539
1999538
1999537
1999536
1999535
1999534
1999533
1999532
1999531
1999530
1999529
1999528
1999527
1999526
1999525
1999524
1999523
1999522
1999521
1999520
1999519
1999518
1999517
1999516
1999515
1999514
1999513
1999512
1999511
1999510
1999509
1999508
1999507
1999506
1999505
1999504
1999503
1999502
1999501
1999500
1999499
1999498
1999497
1999496
1999495
1999494
1999493
1999492
1999491
1999490
1999489
1999488
1999487
1999486
1999485
1999484
1999483
1999482
1999481
1999480
1999479
1999478
1999477
1999476
1999475
1999474
1999473
1999472
1999471
1999470
1999469
1999468
1999467
1999466
1999465
1999464
1999463
1999462
1999461
1999460
1999459
1999458
1999457
1999456
1999455
1999454
1999453
1999452
1999451
1999450
1999449
1999448
1999447
1999446
1999445
1999444
1999443
1999442
1999441
1999440
1999439
1999438
1999437
1999436
1999435
1999434
1999433
1999432
1999431
1999430
1999429
1999428
1999427
1999426
1999425
1999424
1999423
1999422
1999421
1999420
1999419
1999418
1999417
1999416
1999415
1999414
1999413
1999412
1999411
1999410
1999409
1999408
1999407
1999406
1999405
1999404
1999403
1999402
1999401
1999400
1999399
1999398
1999397
1999396
1999395
1999394
1999393
1999392
1999391
1999390
1999389
1999388
1999387
1999386
1999385
1999384
1999383
1999382
1999381
1999380
1999379
1999378
1999377
1999376
1999375
1999374
1999373
1999372
1999371
1999370
1999369
1999368
1999367
1999366
1999365
1999364
1999363
1999362
1999361
1999360
1999359
1999358
1999357
1999356
1999355
1999354
1999353
1999352
1999351
1999350
1999349
1999348
1999347
1999346
1999345
1999344
1999343
1999342
1999341
1999340
1999339
1999338
1999337
1999336
1999335
1999334
1999333
1999332
1999331
1999330
1999329
1999328
1999327
1999326
1999325
1999324
1999323
1999322
1999321
1999320
1999319
1999318
1999317
1999316
1999315
1999314
1999313
1999312
1999311
1999310
1999309
1999308
1999307
1999306
1999305
1999304
1999303
1999302
1999301
1999300
1999299
1999298
1999297
1999296
1999295
1999294
1999293
1999292
1999291
1999290
1999289
1999288
1999287
1999286
1999285
1999284
1999283
1999282
1999281
1999280
1999279
1999278
1999277
1999276
1999275
1999274
1999273
1999272
1999271
1999270
1999269
1999268
1999267
1999266
1999265
1999264
1999263
1999262
1999261
1999260
1999259
1999258
1999257
1999256
1999255
1999254
1999253
1999252
1999251
1999250
1999249
1999248
1999247
1999246
1999245
1999244
1999243
1999242
1999241
1999240
1999239
1999238
1999237
1999236
1999235
1999234
1999233
1999232
1999231
1999230
1999229
1999228
1999227
1999226
1999225
1999224
1999223
1999222
1999221
1999220
1999219
1999218
1999217
1999216
1999215
1999214
1999213
1999212
1999211
1999210
1999209
1999208
1999207
1999206
1999205
1999204
1999203
1999202
1999201
1999200
1999199
1999198
1999197
1999196
1999195
1999194
1999193
1999192
1999191
1999190
1999189
1999188
1999187
1999186
1999185
1999184
1999183
1999182
1999181
1999180
1999179
1999178
1999177
1999176
1999175
1999174
1999173
1999172
1999171
1999170
1999169
1999168
1999167
1999166
1999165
1999164
1999163
1999162
1999161
1999160
1999159
1999158
1999157
1999156
1999155
1999154
1999153
1999152
1999151
1999150
1999149
1999148
1999147
1999146
1999145
1999144
1999143
1999142
1999141
1999140
1999139
1999138
1999137
1999136
1999135
1999134
1999133
1999132
1999131
1999130
1999129
1999128
1999127
1999126
1999125
1999124
1999123
1999122
1999121
1999120
1999119
1999118
1999117
1999116
1999115
1999114
1999113
1999112
1999111
1999110
1999109
1999108
1999107
1999106
1999105
1999104
1999103
1999102
1999101
1999100
1999099
1999098
1999097
1999096
1999095
1999094
1999093
1999092
1999091
1999090
1999089
1999088
1999087
1999086
1999085
1999084
1999083
1999082
1999081
1999080
1999079
1999078
1999077
1999076
1999075
1999074
1999073
1999072
1999071
1999070
1999069
1999068
1999067
1999066
1999065
1999064
1999063
1999062
1999061
1999060
1999059
1999058
1999057
1999056
1999055
1999054
1999053
1999052
1999051
1999050
1999049
1999048
1999047
1999046
1999045
1999044
1999043
1999042
1999041
1999040
1999039
1999038
1999037
1999036
1999035
1999034
1999033
1999032
1999031
1999030
1999029
1999028
1999027
1999026
1999025
1999024
1999023
1999022
1999021
1999020
1999019
1999018
1999017
1999016
1999015
1999014
1999013
1999012
1999011
1999010
1999009
1999008
1999007
1999006
1999005
1999004
1999003
1999002
1999001
1999000
1998999
1998998
1998997
1998996
1998995
1998994
1998993
1998992
1998991
1998990
1998989
1998988
1998987
1998986
1998985
1998984
1998983
1998982
1998981
1998980
1998979
1998978
1998977
124518
3449
92378
19372
72500
509978
96
520949
1
1143860
2837
973420
1616849
778828
526582
2000000
1920
442092
70
552260
0