2
N = 53
15768 10182 26490 21013 26580 28115 28242 15572 2817 13903 27159 2069 13006 21113 18977 31904 112 11271 10587 387 22352 3853 154 21778 16896 19233 21293 22317 9076 28605 2486 18625 2159 10213 28472 9361 11579 30985 1136 30007 2973 26924 7529 19557 1288 20550 32075 16241 32017 22759 25715 3345 30755
29726 17609 20579 4724 17561 4174 25904 25399 17677 22005 24945 8212 11737 8372 18450 5333 24038 19674 22775 17250 19153 18339 8765 16367 15436 27914 14018 7540 22209 30686 11751 32349 14649 14360 20628 7555 12925 876 6013 25436 20858 5150 24228 23406 21738 18967 29215 7690 15921 568 22556 566 2949
30702 31778 11243 23890 25863 8090 19073 2781 21444 13197 7015 27175 22319 32687 1303 20244 7598 15005 24137 1484 4569 30563 13671 19554 32137 3137 11330 4020 25393 22191 15363 28562 370 158 30052 20002 13545 11009 4384 28290 11340 8588 25767 26288 8885 31675 3863 26791 5181 20247 29288 9931 8397
22197 19686 22407 4401 13311 1765 7221 12910 11446 2224 20286 31574 2616 11458 32130 12377 32255 8761 3834 31134 12139 21383 25243 8019 22209 9579 24958 24641 2419 8736 19775 5795 7074 25812 19875 7992 15073 22875 381 13975 9788 9253 5842 16579 10105 18029 11835 12031 12701 21172 3467 30691 18610
17774 26034 21936 5832 22011 12257 16097 21050 21464 26095 19714 22834 25623 6652 1477 9839 13068 12628 14931 838 28234 18069 28896 6887 6862 30485 3202 21218 7033 8062 10051 3306 31684 19387 21109 13784 21167 24088 12613 17907 20986 12708 8595 5742 21912 15322 26369 12338 1889 29057 3146 30686 27399
29393 28374 23308 26187 17111 10379 25303 6512 3611 19429 20378 7152 17535 9801 8697 29039 2666 31894 13606 19181 17702 30206 20061 26687 18055 10516 17841 11712 23502 32549 11275 16964 17356 25036 4720 18765 20555 26305 22146 3458 13993 28146 6218 12124 21446 26069 15668 11299 26401 10748 9307 20761 2365
12266 28679 28405 24906 30245 2164 24978 24065 27020 15318 16361 30160 13547 8089 18493 12855 11981 5869 23701 2674 22929 8834 9071 20824 10688 23952 8371 14979 1694 19483 23270 15025 14591 24181 24736 18282 15452 19972 16960 14819 9766 14149 21470 22819 5978 5393 19329 20324 27734 288 3986 3772 7915
24011 18833 26876 3763 19734 4359 24281 9125 6381 17084 27209 32486 28846 22569 18480 11746 8168 21296 1340 5020 8803 4619 21005 31810 14688 8067 25242 3845 26145 21346 23760 4648 28076 22314 6780 13654 18893 25351 17002 22072 11098 18179 31950 29511 29114 5241 18148 16607 15272 31692 10708 5269 30005
12888 22744 6859 1804 29865 31392 2690 2810 30955 8694 19311 10670 26018 14750 16976 1469 8348 26496 14208 22505 2595 11017 3017 8354 30839 15054 12154 4813 1915 25970 4026 7109 4270 31178 28188 11423 24413 31296 22132 10419 29975 8053 9960 7511 29282 28203 24138 9966 30636 25697 9381 10018 4740
447 16917 12397 2826 12085 30684 19166 9636 18912 28595 30234 11507 21805 13662 3233 22534 6208 28291 27730 24781 10903 17596 2098 24272 13290 13803 18281 14880 25430 16078 21901 19086 25019 5075 18467 30492 17251 23597 15715 27057 15588 8999 22588 11025 8007 29624 15768 15115 24425 21080 30433 30965 11426
2323 24004 28757 23205 31196 30005 24033 8871 27427 21427 170 32708 682 717 2964 10910 25236 30693 19209 30791 7359 2612 21230 8289 28755 2574 18646 11907 1435 23911 7798 8927 7188 17815 20570 1570 24260 12890 31958 29852 21197 17947 26430 25761 5186 28530 15193 11311 21817 15339 9492 2512 21282
18441 4212 13506 13911 28810 9678 14422 4084 10477 22074 7830 27112 6962 3141 11818 7500 29921 21734 16253 25332 1357 5300 27931 21060 4378 7509 9054 16965 32509 14138 21321 16632 16835 29577 19636 5355 9109 23131 937 32009 22138 18728 17679 8886 28189 5503 7813 29212 9937 18427 32145 19647 7634
882 18938 19032 24269 27759 32626 31712 27299 9443 2680 25835 7019 12311 27773 7991 2486 21221 27462 23685 22294 17448 20369 15015 481 16753 30459 7643 9778 23548 15649 1367 20529 4578 6 3621 17300 1935 17333 6193 23654 30071 14631 16801 27911 7685 11366 11364 15733 24532 7667 16910 4041 14370
2917 27107 19973 18818 11092 25905 17676 15056 8309 17892 4338 618 26630 13140 7798 29085 1901 29025 26061 5214 15644 24002 17058 14651 14519 22426 3418 13713 7801 17740 22940 14846 22996 11409 32273 19225 855 4296 18792 12897 24021 2957 2206 31604 11972 21388 17020 20866 30179 9623 19553 20736 18464
17399 7233 8609 20920 0 31726 27778 17312 489 406 676 12324 17114 29069 18336 6862 27973 27981 13462 16265 6010 5052 1895 21766 3190 30381 29220 20063 5884 2472 24262 24570 744 28142 6943 19377 18623 16312 272 14383 6026 18624 28413 6045 12517 15362 9342 24959 19283 24260 22359 9176 28372
17108 5291 12181 32698 30225 17004 25640 27576 19244 21782 24180 11580 8112 3485 3817 6398 17216 21411 31472 10713 25632 32751 11657 16091 9464 11035 6962 32664 16340 21644 32012 23235 23150 30120 26425 21247 28592 21826 7816 3570 29301 12121 29012 22939 3472 1283 6057 7142 9487 10404 24233 24702 31937
23139 9006 30947 10229 2271 24497 25276 9861 2589 20843 26734 21267 24774 30905 12269 1683 24975 30917 11219 5385 19704 6755 8879 1940 12601 30265 16543 14252 10361 2595 26401 12200 18242 15830 12070 29827 20274 6851 20840 7391 31219 15166 26878 22858 28781 13535 17453 20929 16953 552 14210 31858 29017
12137 10013 20934 26151 20193 14928 415 24460 30758 28009 3551 13170 22215 30155 28201 29564 3119 11332 8427 18932 26828 29082 19868 8965 16497 16743 23618 30250 24057 26407 9784 17382 23086 2448 9262 7094 23017 34 15729 15940 30586 9982 7277 12253 23369 9467 11376 20261 18366 22519 9392 17417 7263
23403 17552 23286 5176 23874 9503 8264 17280 13548 17377 20486 6265 28846 10963 28108 25496 19772 22953 6408 10982 19337 21594 29033 19622 22750 31454 8085 13624 15658 3638 22043 11325 17305 1710 24232 31996 20839 8031 1917 32261 24311 15095 1312 15379 1823 1469 7250 19511 8390 30927 10306 2355 5810
8878 20736 16420 29083 22781 1588 4197 18564 14214 4624 687 2891 4222 22659 7045 23422 12810 5808 27855 26480 9474 13982 27333 31628 18676 2865 2062 15850 29036 2137 23849 18464 26738 19337 24333 4955 31317 2155 26892 27310 28327 11730 7677 22441 4745 22256 25754 15662 14377 23753 807 5248 20360
7143 7765 157 31873 16975 8037 11214 19975 14773 17808 9084 31406 492 26279 9797 18028 4000 8951 6223 30113 839 4207 4572 29014 19541 8453 15391 194 3247 18517 28751 15379 20579 9355 19705 7275 28054 11908 13722 19752 8382 13616 28781 8808 14609 10299 22146 22732 26940 30188 18960 637 4185
77 26380 17773 3867 28044 8698 20192 32076 22433 18692 8234 21370 7985 6985 6330 23789 26034 27255 24919 1500 29393 31388 7338 23008 2320 5177 253 18088 28084 31897 16194 30447 10206 18528 23383 22955 15096 15463 22920 10631 24658 12487 25942 2196 1037 10804 21878 1083 2361 7565 12573 5495 6458
4528 6779 28993 624 5011 17029 15691 27159 12433 18936 31984 21867 27393 13211 19051 19984 23821 19396 12360 9650 32194 10525 14105 7401 15459 10920 31594 29023 26115 5889 24567 5940 2386 16612 12316 8609 19640 21742 18060 7900 27296 13480 3142 27452 18455 705 25541 16286 22933 17563 21623 32519 18970
15626 2673 1931 6269 25688 32353 2669 7937 8588 22980 12167 14634 10475 27481 2028 31695 9152 16341 55 1710 24232 31996 20839 8031 1917 32261 24311 15095 1312 15379 1823 1469 7250 19511 8390 30927 10306 2355 5810
8878 20736 16420 29083 22781 1588 4197 18564 14214 4624 687 2891 4222 22659 7045 23422 12810 5808 27855 26480 9474 13982 27333 31628 18676 2865 2062 15850 29036 2137 23849 18464 26738 19337 24333 4955 31317 2155 26892 27310 28327 11730 7677 22441 4745 22256 25754 15662 14377 23753 807 5248 20360
7143 7765 157 31873 16975 8037 11214 19975 14773 17808 9084 31406 492 26279 9797 18028 4000 8951 6223 30113 839 4207 4572 29014 19541 8453 15391 194 3247 18517 28751 15379 20579 9355 19705 7275 28054 11908 13722 19752 8382 13616 28781 8808 14609 10299 22146 22732 26940 30188 18960 637 4185
77 26380 17773 3867 28044 8698 20192 32076 22433 18692 8234 21370 7985 6985 6330 23789 26034 27255 24919 1500 29393 31388 7338 23008 2320 5177 253 18088 28084 31897 16194 30447 10206 18528 23383 22955 15096 15463 22920 10631 24658 12487 25942 2196 1037 10804 21878 1083 2361 7565 12573 5495 6458
4528 6779 28993 624 5011 17029 15691 27159 12433 18936 31984 21867 27393 13211 19051 19984 23821 19396 12360 9650 32194 10525 14105 7401 15459 10920 31594 29023 26115 5889 24567 5940 2386 16612 12316 8609 19640 21742 18060 7900 27296 13480 3142 27452 18455 705 25541 16286 22933 17563 21623 32519 18970
15626 2673 1931 6269 25688 32353 2669 7937 8588 22980 12167 14634 10475 27481 2028 31695 9152 16341 5 7781
19210 14945 30913 25045 16646 12453 26338 18410 28540 5368 11500 6042 10921 22804 2822 11988 6008 21202 30114 8470 12624 13534 10221 334 27675 10427 117 4848 24217 26105 13338 24151 8421 25267 9017 25696 19271 31054 23829 27971 16699 8047 7560 11955 13504 2619 20713 17720 3556 23509 27199 15562 8846
13843 6054 9392 27277 20097 8448 27289 7136 24475 31967 30971 23366 4932 26545 21674 27912 17036 2347 13755 4612 9890 29690 22426 31997 22294 2982 31848 3104 12626 7369 24473 13016 1369 13167 5069 16341 9152 31695 2028 27481 10475 14634 12167 22980 8588 7937 2669 32353 25688 6269 1931 2673 15626
18970 32519 21623 17563 22933 16286 25541 705 18455 27452 3142 13480 27296 7900 18060 21742 19640 8609 12316 16612 2386 5940 24567 5889 26115 29023 31594 10920 15459 7401 14105 10525 32194 9650 12360 19396 23821 19984 19051 13211 27393 21867 31984 18936 12433 27159 15691 17029 5011 624 28993 6779 4528
6458 5495 12573 7565 2361 1083 21878 10804 1037 2196 25942 12487 24658 10631 22920 15463 15096 22955 23383 18528 10206 30447 16194 31897 28084 18088 253 5177 2320 23008 7338 31388 29393 1500 24919 27255 26034 23789 6330 6985 7985 21370 8234 18692 22433 32076 20192 8698 28044 3867 17773 26380 77
4185 637 18960 30188 26940 22732 22146 10299 14609 8808 28781 13616 8382 19752 13722 11908 28054 7275 19705 9355 20579 15379 28751 18517 3247 194 15391 8453 19541 29014 4572 4207 839 30113 6223 8951 4000 18028 9797 26279 492 31406 9084 17808 14773 19975 11214 8037 16975 31873 157 7765 7143
20360 5248 807 23753 14377 15662 25754 22256 4745 22441 7677 11730 28327 27310 26892 2155 31317 4955 24333 19337 26738 18464 23849 2137 29036 15850 2062 2865 18676 31628 27333 13982 9474 26480 27855 5808 12810 23422 7045 22659 4222 2891 687 4624 14214 18564 4197 1588 22781 29083 16420 20736 8878
5810 2355 10306 30927 8390 19511 7250 1469 1823 15379 1312 15095 24311 32261 1917 8031 20839 31996 24232 1710 17305 11325 22043 3638 15658 13624 8085 31454 22750 19622 29033 21594 19337 10982 6408 22953 19772 25496 28108 10963 28846 6265 20486 17377 13548 17280 8264 9503 23874 5176 23286 17552 23403
7263 17417 9392 22519 18366 20261 11376 9467 23369 12253 7277 9982 30586 15940 15729 34 23017 7094 9262 2448 23086 17382 9784 26407 24057 30250 23618 16743 16497 8965 19868 29082 26828 18932 8427 11332 3119 29564 28201 30155 22215 13170 3551 28009 30758 24460 415 14928 20193 26151 20934 10013 12137
29017 31858 14210 552 16953 20929 17453 13535 28781 22858 26878 15166 31219 7391 20840 6851 20274 29827 12070 15830 18242 12200 26401 2595 10361 14252 16543 30265 12601 1940 8879 6755 19704 5385 11219 30917 24975 1683 12269 30905 24774 21267 26734 20843 2589 9861 25276 24497 2271 10229 30947 9006 23139
31937 24702 24233 10404 9487 7142 6057 1283 3472 22939 29012 12121 29301 3570 7816 21826 28592 21247 26425 30120 23150 23235 32012 21644 16340 32664 6962 11035 9464 16091 11657 32751 25632 10713 31472 21411 17216 6398 3817 3485 8112 11580 24180 21782 19244 27576 25640 17004 30225 32698 12181 5291 17108
28372 9176 22359 24260 19283 24959 9342 15362 12517 6045 28413 18624 6026 14383 272 16312 18623 19377 6943 28142 744 24570 24262 2472 5884 20063 29220 30381 3190 21766 1895 5052 6010 16265 13462 27981 27973 6862 18336 29069 17114 12324 676 406 489 17312 27778 31726 0 20920 8609 7233 17399
18464 20736 19553 9623 30179 20866 17020 21388 11972 31604 2206 2957 24021 12897 18792 4296 855 19225 32273 11409 22996 14846 22940 17740 7801 13713 3418 22426 14519 14651 17058 24002 15644 5214 26061 29025 1901 29085 7798 13140 26630 618 4338 17892 8309 15056 17676 25905 11092 18818 19973 27107 2917
14370 4041 16910 7667 24532 15733 11364 11366 7685 27911 16801 14631 30071 23654 6193 17333 1935 17300 3621 6 4578 20529 1367 15649 23548 9778 7643 30459 16753 481 15015 20369 17448 22294 23685 27462 21221 2486 7991 27773 12311 7019 25835 2680 9443 27299 31712 32626 27759 24269 19032 18938 882
7634 19647 32145 18427 9937 29212 7813 5503 28189 8886 17679 18728 22138 32009 937 23131 9109 5355 19636 29577 16835 16632 21321 14138 32509 16965 9054 7509 4378 21060 27931 5300 1357 25332 16253 21734 29921 7500 11818 3141 6962 27112 7830 22074 10477 4084 14422 9678 28810 13911 13506 4212 18441
21282 2512 9492 15339 21817 11311 15193 28530 5186 25761 26430 17947 21197 29852 31958 12890 24260 1570 20570 17815 7188 8927 7798 23911 1435 11907 18646 2574 28755 8289 21230 2612 7359 30791 19209 30693 25236 10910 2964 717 682 32708 170 21427 27427 8871 24033 30005 31196 23205 28757 24004 2323
11426 30965 30433 21080 24425 15115 15768 29624 8007 11025 22588 8999 15588 27057 15715 23597 17251 30492 18467 5075 25019 19086 21901 16078 25430 14880 18281 13803 13290 24272 2098 17596 10903 24781 27730 28291 6208 22534 3233 13662 21805 11507 30234 28595 18912 9636 19166 30684 12085 2826 12397 16917 447
4740 10018 9381 25697 30636 9966 24138 28203 29282 7511 9960 8053 29975 10419 22132 31296 24413 11423 28188 31178 4270 7109 4026 25970 1915 4813 12154 15054 30839 8354 3017 11017 2595 22505 14208 26496 8348 1469 16976 14750 26018 10670 19311 8694 30955 2810 2690 31392 29865 1804 6859 22744 12888
30005 5269 10708 31692 15272 16607 18148 5241 29114 29511 31950 18179 11098 22072 17002 25351 18893 13654 6780 22314 28076 4648 23760 21346 26145 3845 25242 8067 14688 31810 21005 4619 8803 5020 1340 21296 8168 11746 18480 22569 28846 32486 27209 17084 6381 9125 24281 4359 19734 3763 26876 18833 24011
7915 3772 3986 288 27734 20324 19329 5393 5978 22819 21470 14149 9766 14819 16960 19972 15452 18282 24736 24181 14591 15025 23270 19483 1694 14979 8371 23952 10688 20824 9071 8834 22929 2674 23701 5869 11981 12855 18493 8089 13547 30160 16361 15318 27020 24065 24978 2164 30245 24906 28405 28679 12266
2365 20761 9307 10748 26401 11299 15668 26069 21446 12124 6218 28146 13993 3458 22146 26305 20555 18765 4720 25036 17356 16964 11275 32549 23502 11712 17841 10516 18055 26687 20061 30206 17702 19181 13606 31894 2666 29039 8697 9801 17535 7152 20378 19429 3611 6512 25303 10379 17111 26187 23308 28374 29393
27399 30686 3146 29057 1889 12338 26369 15322 21912 5742 8595 12708 20986 17907 12613 24088 21167 13784 21109 19387 31684 3306 10051 8062 7033 21218 3202 30485 6862 6887 28896 18069 28234 838 14931 12628 13068 9839 1477 6652 25623 22834 19714 26095 21464 21050 16097 12257 22011 5832 21936 26034 17774
18610 30691 3467 21172 12701 12031 11835 18029 10105 16579 5842 9253 9788 13975 381 22875 15073 7992 19875 25812 7074 5795 19775 8736 2419 24641 24958 9579 22209 8019 25243 21383 12139 31134 3834 8761 32255 12377 32130 11458 2616 31574 20286 2224 11446 12910 7221 1765 13311 4401 22407 19686 22197
8397 9931 29288 20247 5181 26791 3863 31675 8885 26288 25767 8588 11340 28290 4384 11009 13545 20002 30052 158 370 28562 15363 22191 25393 4020 11330 3137 32137 19554 13671 30563 4569 1484 24137 15005 7598 20244 1303 32687 22319 27175 7015 13197 21444 2781 19073 8090 25863 23890 11243 31778 30702
2949 566 22556 568 15921 7690 29215 18967 21738 23406 24228 5150 20858 25436 6013 876 12925 7555 20628 14360 14649 32349 11751 30686 22209 7540 14018 27914 15436 16367 8765 18339 19153 17250 22775 19674 24038 5333 18450 8372 11737 8212 24945 22005 17677 25399 25904 4174 17561 4724 20579 17609 29726
30755 3345 25715 22759 32017 16241 32075 20550 1288 19557 7529 26924 2973 30007 1136 30985 11579 9361 28472 10213 2159 18625 2486 28605 9076 22317 21293 19233 16896 21778 154 3853 22352 387 10587 11271 112 31904 18977 21113 13006 2069 27159 13903 2817 15572 28242 28115 26580 21013 26490 10182 15768
N = 54
12633 17649 4862 16780 4654 22550 14564 12567 8730 1515 10974 11264 29975 7952 4439 10778 4215 3363 713 11784 23078 5358 3363 14603 3375 2270 28269 12568 22401 32695 16558 27950 1268 25479 7438 23526 23431 27865 31288 30796 3307 24106 18946 237 24902 5025 6736 9521 32561 15098 15669 7403 29954 18372
15452 24111 26449 30668 7079 25956 2229 31705 12053 17305 16079 6297 2025 26397 6282 21468 15625 21065 31136 512 4772 13473 8033 18348 17687 6684 25264 25538 31506 9407 23374 21902 8950 1136 18523 13124 16258 8458 25113 17577 26543 10925 30964 13840 32216 1112 1471 30600 25118 15545 3905 7252 9227 2371
2288 20123 30582 30594 3836 11105 28838 18603 9103 6838 19386 11128 20820 30765 17223 18482 22326 8080 14916 21263 16746 12754 15651 6335 5039 9797 7745 14658 26836 31757 12672 1276 11131 8149 27442 12299 19486 22977 26170 20440 6223 22435 5485 22252 5956 10097 9279 774 3986 13815 19099 2903:4 6713 9673
6162 19835 26337 4732 31288 19852 5475 5141 587 29172 18571 5826 11798 14944 22045 23240 14357 17774 14357 12477 13018 3703 9011 17911 29615 15787 26295 5444 4221 15972 31082 20443 29933 4020 22493 21139 21196 832 6133 31571 29108 24146 21927 29386 8681 4393 23809 15968 22145 30868 13674 11884 10952 23999
29226 31911 22242 10316 27693 12001 22450 30373 18691 4594 19963 4241 29484 24820 22725 26630 26515 27823 28419 7231 31832 22357 31858 13069 1234 14448 17860 31858 30421 15640 22526 21612 30000 6249 1823 14095 25466 22580 16386 23254 26383 29173 12677 17723 31061 7173 4331 3461 28484 18193 32127 16866 6693 19403
18298 8885 26009 8415 7719 10289 5854 11561 26949 1575 4430 2597 20909 8732 17448 19111 15669 12191 9619 6604 16851 26330 24288 17968 21510 2406 3600 3425 13425 10596 16534 15252 24777 26313 2910 29591 3058 5881 25613 13063 24933 2712 8075 26307 6101 26012 14783 9120 5906 15783 19097 22367 13613 29333
19542 1500 20189 30032 5887 26247 16161 28908 13619 30232 31271 2544 30247 20607 20333 10225 24811 26394 5926 32102 27887 26411 20191 16823 9157 25737 26978 20887 4136 7318 21979 10644 7742 25968 569 28396 20762 7532 23767 31395 29061 11968 6492 6866 6654 31615 15584 32322 17407 17867 13648 32313 14978 26694
19 14996 5572 29385 9197 15382 9289 32601 548 4352 25888 21334 17122 6114 30568 8438 24795 27824 8979 31986 6191 11288 24298 23679 15506 275 30673 12160 15018 12475 15693 27386 18616 6236 22339 6088 2683 20941 10499 14736 11346 29185 25988 8693 14752 5593 14577 1038 12916 12604 11109 23575 9322 21610
8436 32615 19148 23437 6890 26786 31229 15506 7767 5168 23064 26422 25547 238 13524 27492 13406 10531 23211 22974 6131 1973 25403 4730 14526 32157 19692 30319 8196 11160 16339 11887 12322 5151 30678 31960 32721 6554 6673 19814 31400 11473 31097 30539 27363 16291 3775 25986 20578 20474 10104 6496 10485 7934
4218 15212 3542 26761 16265 11888 19063 11995 16435 22736 20606 28304 26616 6171 11534 20175 5550 4832 25417 8643 36 23747 20499 18767 22534 8399 31512 21501 16640 17934 30992 26168 26150 16983 17218 17340 11668 3944 10310 3402 20305 30261 14864 1696 21370 9343 23850 30888 15260 16551 23873 1008 23393 28613
10979 30554 9327 501 9863 32533 27021 14577 7374 16331 23815 23781 22536 12828 20052 4990 27386 21068 27383 11588 6367 30776 1699 23851 32428 27535 11938 3684 24984 2110 3192 19577 18140 1836 23491 29081 14519 16168 30565 3889 23734 29216 16869 17596 16178 31379 27923 30939 30746 27976 25835 10408 3315 833
25020 16711 13340 24555 25994 14271 23895 1943 10416 21256 9093 6701 14793 23654 2993 9759 21713 10741 13648 10141 13704 14212 24519 2056 26903 16806 26926 12712 25334 5895 10836 2977 22797 5117 21507 29219 11034 31839 12677 32482 22866 10138 29798 13766 20043 13057 28028 27107 25 11877 22309 28331 11448 30438
5328 26978 13738 13320 3007 22227 24288 11018 30987 6466 29918 23667 26856 8865 7707 8173 13098 3847 23462 12886 8456 17245 32015 27157 8224 25691 2949 1450 9916 14771 28732 18569 11604 20875 23058 23081 24916 30769 9841 7000 29982 22538 20855 26065 12627 21964 12628 27152 11087 31981 244 8037 17650 4188
32223 31304 22950 4974 7517 23788 15517 24347 7389 30231 27739 5994 29079 560 8053 5418 23409 8858 3736 6115 7967 16192 8140 21516 11151 9841 22266 12670 11908 24303 12204 20009 23681 24642 17429 6406 28648 9554 25937 6476 9059 19765 2286 13799 11139 15942 12202 4390 29607 32631 10622 19636 8736 15336
23260 18889 10130 9400 26422 14753 23965 9499 25791 4654 30909 7340 32117 15114 20847 5125 8543 1711 18582 8077 11795 19434 19228 25746 12156 13197 14556 29848 7642 3685 12992 29424 15626 18283 5158 14476 264 17982 7049 27153 7090 21969 1629 13358 6095 25441 9274 8749 9551 10667 9533 17095 31444 7259
10156 3901 28786 10183 18648 18596 14259 6365 15688 16256 21727 16730 13331 14741 15738 11326 2446 27130 16397 30332 3367 12143 6442 8181 24209 3312 22954 26791 9762 4235 569 3618 11385 7278 30741 32060 5475 17988 14098 19462 16896 16578 25826 4095 7713 892 10643 25735 23797 9470 29017 13718 26853 6936
31630 8877 2748 21881 23287 3597 3083 26239 19273 11304 22732 11854 32747 10069 25669 15392 20478 11207 21807 23004 25499 28608 15640 30185 18011 3074 24326 24388 797 14471 18781 2000 11523 16753 18178 16622 31166 18500 27585 9806 20748 9555 16364 11013 30078 32120 20293 31967 10879 24584 7966 12790 31634 262
20415 29827 2267 25495 27912 8437 31969 2230 12888 2624 3986 30249 17837 22648 14984 10676 11788 13726 650 19596 2339 15546 31318 15118 17453 24361 25245 13489 23574 13369 2896 18490 26847 26355 23066 20527 30789 13880 6702 5005 31645 15120 31042 24253 19715 26942 21979 10437 4019 32280 17100 6332 28599 20885
25593 32640 1219 15784 2145 6571 23645 4044 9564 11714 28480 14560 5920 23216 1539 12086 19082 10867 20726 14055 13340 15638 14157 1129 14402 8159 8576 28003 26841 9417 17137 7103 15345 20020 9936 30465 8146 8924 1083 14296 4158 32264 7594 23027 4342 12292 12171 24598 12672 720 12841 7789 32294 30490
29394 32544 578 19818 18489 29991 16313 12189 26137 4448 16326 3732 5147 28127 8441 2093 19450 25477 18047 26994 741 15828 3235 8465 8741 24833 9877 13837 29439 5707 2410 5810 476 29324 2149 21454 15527 2830 1653 7198 20599 27807 24830 3079 2670 2280 30684 9606 16353 3578 30374 1130 440 23594
17199 8897 7960 3615 13651 16784 15168 18217 31728 18887 31409 15316 21298 14707 2962 10430 28692 28982 3410 11173 17699 30196 7055 12996 1157 31440 55 30304 827 18263 20717 12446 24995 19962 31662 1943 7489 1730 1716 23982 28606 25151 1946 31778 7985 26818 5570 19423 9118 22988 15348 4250 17852 24517
11591 23068 6908 11249 16709 8158 710 3745 31562 15063 2310 24486 8493 12690 20967 19211 9506 2691 29406 22020 26335 6299 23787 12321 4094 30234 15388 9415 4003 8613 28754 16609 31070 29080 839 211 19283 20893 16336 6831 24472 32382 20064 14508 3294 13367 31438 14292 14932 592 1880 16124 27336 14953
12519 16889 783 11543 18581 17681 20392 10478 1644 29872 3484 28639 31088 25948 31400 5829 14560 4075 12446 826 15034 24052 20489 31663 29565 23171 15888 32188 9010 23313 31133 20148 29613 13491 19390 31357 19473 20881 22347 13470 32146 15002 19401 20378 11647 26998 16270 15997 8319 30396 29990 21684 19227 30822
4086 14369 19324 9346 31775 14703 12406 3114 3493 1699 12742 693 6865 27636 15768 1327 5587 5853 32589 13831 27052 3952 17274 16648 7755 23533 23860 15242 2038 659 28811 21738 1516 23990 18004 27447 5193 30226 3372 22574 13609 22367 11193 2665 29968 4902 2099 16083 3722 26066 26915 28255 28942 12810
21355 17402 12072 17982 2439 11966 6104 8320 4114 25704 32565 9366 23436 26636 31317 30797 2906 26887 4721 31248 22030 3638 13125 1464 2793 357 22710 31654 19614 20234 16311 15887 26969 28212 7789 6296 29696 1214 10129 17955 697 15304 23831 2280 13996 14439 30221 2247 28938 3228 23493 27612 22862 13443
566 23893 6339 29645 8096 30336 28486 10096 1903 15912 1357 24477 11362 12834 7976 22003 3564 3875 5511 5106 5339 19157 14141 23986 9015 29737 30787 13525 23405 28142 4608 1978 25260 14243 30919 24819 8848 14473 19106 11002 19966 16637 6990 23583 11599 13829 16774 7877 30128 6953 2437 18894 12232 28292
28870 15700 29084 2842 20238 30618 28592 1388 4268 30274 10607 13898 26111 14272 13517 26601 3130 28942 27947 22837 4964 19361 2427 2920 17827 16285 23972 3548 5049 24133 19240 15389 10959 8373 9476 8771 6002 3795 2776 31615 6619 21123 32583 32499 3955 2842 15777 28359 5526 29974 4799 7545 18839 14860
14860 18839 7545 4799 29974 5526 28359 15777 2842 3955 32499 32583 21123 6619 31615 2776 3795 6002 8771 9476 8373 10959 15389 19240 24133 5049 3548 23972 16285 17827 2920 2427 19361 4964 22837 27947 28942 3130 26601 13517 14272 26111 13898 10607 30274 4268 1388 28592 30618 20238 2842 29084 15700 28870
28292 12232 18894 2437 6953 30128 7877 16774 13829 11599 23583 6990 16637 19966 11002 19106 14473 8848 24819 30919 14243 25260 1978 4608 28142 23405 13525 30787 29737 9015 23986 14141 19157 5339 5106 5511 3875 3564 22003 7976 12834 11362 24477 1357 15912 1903 10096 28486 30336 8096 29645 6339 23893 566
13443 22862 27612 23493 3228 28938 2247 30221 14439 13996 2280 23831 15304 697 17955 10129 1214 29696 6296 7789 28212 26969 15887 16311 20234 19614 31654 22710 357 2793 1464 13125 3638 22030 31248 4721 26887 2906 30797 31317 26636 23436 9366 32565 25704 4114 8320 6104 11966 2439 17982 12072 17402 21355
12810 28942 28255 26915 26066 3722 16083 2099 4902 29968 2665 11193 22367 13609 22574 3372 30226 5193 27447 18004 23990 1516 21738 28811 659 2038 15242 23860 23533 7755 16648 17274 3952 27052 13831 32589 5853 5587 1327 15768 27636 6865 693 12742 1699 3493 3114 12406 14703 31775 9346 19324 14369 4086
30822 19227 21684 29990 30396 8319 15997 16270 26998 11647 20378 19401 15002 32146 13470 22347 20881 19473 31357 19390 13491 29613 20148 31133 23313 9010 32188 15888 23171 29565 31663 20489 24052 15034 826 12446 4075 14560 5829 31400 25948 31088 28639 3484 29872 1644 10478 20392 17681 18581 11543 783 16889 12519
14953 27336 16124 1880 592 14932 14292 31438 13367 3294 14508 20064 32382 24472 6831 16336 20893 19283 211 839 29080 31070 16609 28754 8613 4003 9415 15388 30234 4094 12321 23787 6299 26335 22020 29406 2691 9506 19211 20967 12690 8493 24486 2310 15063 31562 3745 710 8158 16709 11249 6908 23068 11591
24517 17852 4250 15348 22988 9118 19423 5570 26818 7985 31778 1946 25151 28606 23982 1716 1730 7489 1943 31662 19962 24995 12446 20717 18263 827 30304 55 31440 1157 12996 7055 30196 17699 11173 3410 28982 28692 10430 2962 14707 21298 15316 31409 18887 31728 18217 15168 16784 13651 3615 7960 8897 17199
23594 440 1130 30374 3578 16353 9606 30684 2280 2670 3079 24830 27807 20599 7198 1653 2830 15527 21454 2149 29324 476 5810 2410 5707 29439 13837 9877 24833 8741 8465 3235 15828 741 26994 18047 25477 19450 2093 8441 28127 5147 3732 16326 4448 26137 12189 16313 29991 18489 19818 578 32544 29394
30490 32294 7789 12841 720 12672 24598 12171 12292 4342 23027 7594 32264 4158 14296 1083 8924 8146 30465 9936 20020 15345 7103 17137 9417 26841 28003 8576 8159 14402 1129 14157 15638 13340 14055 20726 10867 19082 12086 1539 23216 5920 14560 28480 11714 9564 4044 23645 6571 2145 15784 1219 32640 25593
20885 28599 6332 17100 32280 4019 10437 21979 26942 19715 24253 31042 15120 31645 5005 6702 13880 30789 20527 23066 26355 26847 18490 2896 13369 23574 13489 25245 24361 17453 15118 31318 15546 2339 19596 650 13726 11788 10676 14984 22648 17837 30249 3986 2624 12888 2230 31969 8437 27912 25495 2267 29827 20415
262 31634 12790 7966 24584 10879 31967 20293 32120 30078 11013 16364 9555 20748 9806 27585 18500 31166 16622 18178 16753 11523 2000 18781 14471 797 24388 24326 3074 18011 30185 15640 28608 25499 23004 21807 11207 20478 15392 25669 10069 32747 11854 22732 11304 19273 26239 3083 3597 23287 21881 2748 8877 31630
6936 26853 13718 29017 9470 23797 25735 10643 892 7713 4095 25826 16578 16896 19462 14098 17988 5475 32060 30741 7278 11385 3618 569 4235 9762 26791 22954 3312 24209 8181 6442 12143 3367 30332 16397 27130 2446 11326 15738 14741 13331 16730 21727 16256 15688 6365 14259 18596 18648 10183 28786 3901 10156
7259 31444 17095 9533 10667 9551 8749 9274 25441 6095 13358 1629 21969 7090 27153 7049 17982 264 14476 5158 18283 15626 29424 12992 3685 7642 29848 14556 13197 12156 25746 19228 19434 11795 8077 18582 1711 8543 5125 20847 15114 32117 7340 30909 4654 25791 9499 23965 14753 26422 9400 10130 18889 23260
15336 8736 19636 10622 32631 29607 4390 12202 15942 11139 13799 2286 19765 9059 6476 25937 9554 28648 6406 17429 24642 23681 20009 12204 24303 11908 12670 22266 9841 11151 21516 8140 16192 7967 6115 3736 8858 23409 5418 8053 560 29079 5994 27739 30231 7389 24347 15517 23788 7517 4974 22950 31304 32223
4188 17650 8037 244 31981 11087 27152 12628 21964 12627 26065 20855 22538 29982 7000 9841 30769 24916 23081 23058 20875 11604 18569 28732 14771 9916 1450 2949 25691 8224 27157 32015 17245 8456 12886 23462 3847 13098 8173 7707 8865 26856 23667 29918 6466 30987 11018 24288 22227 3007 13320 13738 26978 5328
30438 11448 28331 22309 11877 25 27107 28028 13057 20043 13766 29798 10138 22866 32482 12677 31839 11034 29219 21507 5117 22797 2977 10836 5895 25334 12712 26926 16806 26903 2056 24519 14212 13704 10141 13648 10741 21713 9759 2993 23654 14793 6701 9093 21256 10416 1943 23895 14271 25994 24555 13340 16711 25020
833 3315 10408 25835 27976 30746 30939 27923 31379 16178 17596 16869 29216 23734 3889 30565 16168 14519 29081 23491 1836 18140 19577 3192 2110 24984 3684 11938 27535 32428 23851 1699 30776 6367 11588 27383 21068 27386 4990 20052 12828 22536 23781 23815 16331 7374 14577 27021 32533 9863 501 9327 30554 10979
28613 23393 1008 23873 16551 15260 30888 23850 9343 21370 1696 14864 30261 20305 3402 10310 3944 11668 17340 17218 16983 26150 26168 30992 17934 16640 21501 31512 8399 22534 18767 20499 23747 36 8643 25417 4832 5550 20175 11534 6171 26616 28304 20606 22736 16435 11995 19063 11888 16265 26761 3542 15212 4218
7934 10485 6496 10104 20474 20578 25986 3775 16291 27363 30539 31097 11473 31400 19814 6673 6554 32721 31960 30678 5151 12322 11887 16339 11160 8196 30319 19692 32157 14526 4730 25403 1973 6131 22974 23211 10531 13406 27492 13524 238 25547 26422 23064 5168 7767 15506 31229 26786 6890 23437 19148 32615 8436
21610 9322 23575 11109 12604 12916 1038 14577 5593 14752 8693 25988 29185 11346 14736 10499 20941 2683 6088 22339 6236 18616 27386 15693 12475 15018 12160 30673 275 15506 23679 24298 11288 6191 31986 8979 27824 24795 8438 30568 6114 17122 21334 25888 4352 548 32601 9289 15382 9197 29385 5572 14996 19
26694 14978 32313 13648 17867 17407 32322 15584 31615 6654 6866 6492 11968 29061 31395 23767 7532 20762 28396 569 25968 7742 10644 21979 7318 4136 20887 26978 25737 9157 16823 20191 26411 27887 32102 5926 26394 24811 10225 20333 20607 30247 2544 31271 30232 13619 28908 16161 26247 5887 30032 20189 1500 19542
29333 13613 22367 19097 15783 5906 9120 14783 26012 6101 26307 8075 2712 24933 13063 25613 5881 3058 29591 2910 26313 24777 15252 16534 10596 13425 3425 3600 2406 21510 17968 24288 26330 16851 6604 9619 12191 15669 19111 17448 8732 20909 2597 4430 1575 26949 11561 5854 10289 7719 8415 26009 8885 18298
19403 6693 16866 32127 18193 28484 3461 4331 7173 31061 17723 12677 29173 26383 23254 16386 22580 25466 14095 1823 6249 30000 21612 22526 15640 30421 31858 17860 14448 1234 13069 31858 22357 31832 7231 28419 27823 26515 26630 22725 24820 29484 4241 19963 4594 18691 30373 22450 12001 27693 10316 22242 31911 29226
23999 10952 11884 13674 30868 22145 15968 23809 4393 8681 29386 21927 24146 29108 31571 6133 832 21196 21139 22493 4020 29933 20443 31082 15972 4221 5444 26295 15787 29615 17911 9011 3703 13018 12477 14357 17774 14357 23240 22045 14944 11798 5826 18571 29172 587 5141 5475 19852 31288 4732 26337 19835 6162
9673 6713 29034 19099 13815 3986 774 9279 10097 5956 22252 5485 22435 6223 20440 26170 22977 19486 12299 27442 8149 11131 1276 12672 31757 26836 14658 7745 9797 5039 6335 15651 12754 16746 21263 14916 8080 22326 18482 17223 30765 20820 11128 19386 6838 9103 18603 28838 11105 3836 30594 30582 20123 2288
2371 9227 7252 3905 15545 25118 30600 1471 1112 32216 13840 30964 10925 26543 17577 25113 8458 16258 13124 18523 1136 8950 21902 23374 9407 31506 25538 25264 6684 17687 18348 8033 13473 4772 512 31136 21065 15625 21468 6282 26397 2025 6297 16079 17305 12053 31705 2229 25956 7079 30668 26449 24111 15452
18372 29954 7403 15669 15098 32561 9521 6736 5025 24902 237 18946 24106 3307 30796 31288 27865 23431 23526 7438 25479 1268 27950 16558 32695 22401 12568 28269 2270 3375 14603 3363 5358 23078 11784 713 3363 4215 10778 4439 7952 29975 11264 10974 1515 8730 12567 14564 22550 4654 16780 4862 17649 12633
