81 33 15
64 2
52 29
31 21
28 28
28 32
60 29
58 12
11 6
40 13
71 9
58 4
13 8
38 25
33 10
73 8
18 27
40 42 10
17 29
31 41
25 35
36 15
26 22
14 32
27 11
39 39
37 4
13 33
37 0
79 1 31
37 0
50 0
41 0
21 0
67 0
28 0
24 0
3 0
35 0
61 0
69 0
33 0
72 0
65 0
78 0
36 0
19 0
60 0
44 0
2 0
76 0
40 0
73 0
13 0
64 0
31 0
46 0
1 0
22 0
27 0
6 0
7 0
90 70 29
51 10
85 7
32 64
2 27
3 57
87 47
29 20
14 40
58 50
38 48
19 47
37 33
53 37
64 16
86 55
85 9
35 51
56 47
45 31
27 11
48 54
10 39
76 35
60 37
5 0
27 36
38 26
39 41
3 55
59 51
41 85 21
9 82
35 37
35 40
39 56
34 20
20 70
25 33
13 30
3 35
31 52
8 66
22 73
21 84
19 30
20 84
0 21
32 15
2 63
32 64
7 58
20 58
1 14
42 64 7
6 60
9 21
32 40
3 44
11 9
40 29
4 45
24 32
27 69 13
7 28
13 13
7 58
11 16
13 68
14 39
14 48
19 22
3 3
9 57
3 0
20 58
7 53
13 33
99 5 7
64 0
11 3
61 4
90 0
69 2
21 0
65 2
22 3
16 15 11
4 14
5 13
5 0
9 7
8 4
0 2
8 12
10 6
5 11
1 0
6 9
14 4
58 40 27
50 26
55 28
26 22
51 13
31 25
38 7
0 22
47 14
40 30
50 23
13 4
54 31
54 18
53 18
14 8
5 20
25 2
14 9
24 25
4 11
1 12
51 5
7 2
45 1
55 3
48 20
53 9
31 18
8 14 4
7 5
1 0
4 7
4 0
3 0
57 7 1
43 2
45 4
13 54 5
9 16
11 47
3 21
1 34
12 42
3 44
72 84 22
52 2
42 18
1 8
6 43
49 71
57 67
19 1
40 13
34 81
71 43
41 14
48 55
56 58
49 14
30 48
64 22
66 23
4 11
19 62
66 49
50 63
36 25
56 17
83 23 10
18 20
27 6
46 21
14 16
43 19
64 18
35 21
71 10
34 7
65 3
76 10
46 15 7
29 5
42 1
15 11
15 13
27 1
3 12
34 8
2 7
86 26 4
12 0
84 5
38 1
83 24
74 0
55 58 11
0 45
33 22
6 24
31 30
27 38
19 41
27 47
44 34
4 30
42 0
19 8
54 37
52 75 29
48 54
34 70
14 10
44 74
18 61
41 63
19 3
29 43
20 28
34 12
4 33
28 6
44 12
50 5
16 17
37 20
2 58
35 27
19 30
32 2
8 43
28 4
12 67
51 74
40 68
0 34
37 29
25 8
20 35
41 32
53 83 0
37 32
25 51 24
4 27
16 44
21 23
6 22
5 11
21 45
24 28
15 8
13 26
13 36
18 9
14 7
11 27
21 8
19 9
17 41
4 9
0 15
19 22
21 37
13 45
7 3
3 16
15 13
7 34
73 26 19
45 18
6 1
55 6
41 16
67 6
11 8
35 0
1 2
65 10
39 25
40 14
71 22
70 2
7 6
9 16
30 17
14 1
14 7
54 4
63 17
57 72 31
52 40
43 33
46 71
37 26
17 33
21 11
24 28
47 43
15 54
0 8
12 71
24 18
50 5
3 62
54 61
51 50
21 52
27 53
42 70
22 42
6 57
26 45
13 65
45 68
24 45
26 7
7 27
41 34
8 39
3 45
47 45
29 17
51 7 31
5 2
10 2
48 1
12 5
6 3
43 4
35 6
48 6
49 4
41 2
37 2
41 5
3 5
11 4
9 1
15 4
45 2
7 5
30 0
17 3
48 2
47 3
5 0
19 5
27 4
29 5
46 2
30 4
40 0
48 0
6 4
16 1
50 97 17
46 8
7 11
22 59
20 50
41 95
49 59
29 30
19 92
0 77
15 11
27 75
22 14
22 21
24 21
39 62
37 78
25 24
49 30
43 20 0
2 0
98 20 25
20 10
80 4
44 13
45 6
55 15
0 0
13 18
88 17
17 13
85 16
71 16
90 11
19 14
10 7
42 16
42 19
63 7
63 14
47 12
15 17
96 6
38 10
33 17
75 2
59 4
58 4
28 78 14
16 41
2 26
18 47
18 67
0 31
22 38
22 65
11 48
11 15
20 72
13 37
1 51
6 72
25 19
17 43
89 36 29
81 0
30 24
32 5
4 34
9 13
53 24
72 31
63 31
35 1
42 31
11 10
16 18
28 33
54 29
53 10
16 12
56 19
44 19
86 22
85 4
38 27
39 13
4 4
4 30
58 4
62 33
65 31
11 19
43 34
26 30
73 52 18
7 14
45 43
68 40
66 11
11 0
23 21
18 4
0 25
10 6
22 19
59 19
32 40
50 24
17 21
18 8
68 36
36 45
35 29
47 8
46 11 0
39 4
48 18 1
21 15
43 6
31 29 31
13 5
27 22
24 12
10 11
8 0
15 26
14 16
5 28
30 22
5 6
21 17
17 28
2 17
5 9
13 22
20 3
23 27
17 9
29 4
27 23
13 23
13 13
19 18
15 14
14 8
5 15
27 4
18 2
21 21
8 13
7 18
10 22
9 7 5
0 3
3 3
6 4
4 3
1 5
1 1
79 92 10
46 72
64 82
59 25
29 75
54 2
77 84
27 11
13 61
35 21
51 50
52 40
61 40 10
7 33
55 18
16 24
7 0
47 35
37 35
2 7
57 34
28 26
7 6
5 7
93 35 31
10 0
80 14
3 0
67 10
66 22
92 3
88 1
87 20
56 15
76 31
28 19
59 7
14 17
0 6
48 14
15 28
61 3
42 11
4 13
3 32
32 19
34 28
80 0
43 31
83 3
72 6
81 31
88 23
27 20
15 6
72 20
36 26
19 96 14
15 66
6 62
1 81
15 59
16 18
13 72
16 44
3 56
8 40
8 32
18 76
1 66
8 16
14 53
2 1
61 17 3
37 8
19 8
57 10
43 13
78 34 3
71 8
3 7
31 4
77 12
7 33 9
2 12
0 28
3 18
6 26
0 29
4 22
4 29
4 3
3 26
2 18
60 46 18
16 22
36 43
49 32
45 10
2 15
28 14
19 44
2 40
34 36
8 24
26 15
13 24
26 13
7 20
42 40
54 10
55 6
3 10
36 34
19 72 29
9 47
14 50
16 51
15 56
16 13
5 26
18 4
6 2
10 29
11 16
17 19
9 14
10 67
0 67
1 37
14 3
2 50
2 59
6 47
17 1
11 11
7 64
3 62
15 71
12 36
8 53
2 13
11 9
3 66
0 19
89 51 6
70 33
21 50
77 12
60 17
62 12
67 12
29 16
87 4 13
79 2
10 3
19 3
1 1
2 1
44 1
79 3
49 1
34 1
50 1
80 0
19 1
74 0
27 2
32 81 7
14 55
26 56
17 12
18 44
27 20
15 7
3 3
31 1
65 50 31
46 42
57 36
25 39
10 18
60 11
35 19
23 4
61 22
6 11
1 38
3 20
23 24
5 6
42 45
21 13
20 37
25 47
15 45
29 5
6 31
9 16
2 9
43 14
41 6
62 37
24 47
62 10
11 22
36 35
27 39
48 9
61 4
60 4 27
40 1
37 3
40 2
3 3
19 3
0 1
48 1
52 1
47 2
30 0
51 2
43 0
18 3
19 2
2 3
3 0
58 2
6 1
29 2
26 2
15 2
55 2
4 2
6 3
19 1
29 3
53 1
33 3
81 89 31
16 87
44 40
30 60
26 20
35 75
35 87
50 65
35 35
33 76
59 4
80 72
19 68
54 52
3 9
73 7
66 0
59 16
13 16
2 42
56 59
77 87
54 25
65 78
18 41
48 23
44 74
5 71
43 61
73 3
13 76
7 48
41 39
32 54 8
6 3
26 25
13 31
15 46
18 11
21 12
18 27
22 41
13 1
68 45 6
15 22
13 44
56 23
30 26
64 23
62 9
9 41
45 77 0
7 34
72 34 18
33 27
33 30
46 12
1 16
14 12
53 26
44 31
55 30
25 23
1 23
66 16
44 20
54 8
35 17
19 0
51 6
1 14
14 16
44 33
55 96 16
46 47
16 89
6 83
0 85
10 61
7 82
46 9
35 53
2 57
25 45
30 36
9 89
16 6
34 57
44 81
33 0
14 70
14 83 25
13 45
7 40
6 58
1 37
9 15
6 20
2 2
6 74
9 21
2 16
5 54
9 26
5 60
10 19
13 57
10 63
1 36
7 51
10 23
7 14
5 21
7 20
2 37
4 3
0 33
3 27
41 19 12
14 5
26 6
5 1
36 13
9 10
36 0
21 17
5 4
10 13
6 16
11 11
0 7
24 14
18 59 0
14 15
5 63 6
4 25
4 8
2 50
1 7
4 59
2 12
4 42
70 43 19
45 33
39 17
27 8
55 3
31 0
24 29
25 19
42 25
48 17
62 14
11 23
35 11
47 16
18 20
47 42
43 37
25 41
62 1
39 4
52 26
13 77 30
2 18
8 11
4 6
6 15
2 20
1 38
10 39
6 64
5 32
2 41
10 3
6 10
7 29
8 8
6 67
5 54
6 46
4 0
8 37
1 39
5 76
6 24
2 45
4 59
11 60
12 24
11 48
7 52
4 30
8 22
9 65
18 52 31
6 42
3 27
4 35
3 48
6 26
14 15
4 47
8 0
10 51
14 3
0 19
12 26
8 7
9 18
2 28
15 44
0 33
6 51
4 43
1 47
11 47
16 40
2 40
7 28
12 23
13 42
16 37
17 7
7 29
6 13
8 6
2 46
90 47 25
28 45
15 41
41 29
76 0
29 30
66 45
3 3
73 39
70 0
59 29
64 21
63 9
48 18
67 24
77 46
28 20
45 25
20 38
52 29
72 12
51 6
86 2
64 31
6 31
0 19
8 31
22 14 21
14 7
20 8
13 1
12 9
0 1
7 9
9 9
3 6
1 1
7 5
16 0
13 2
0 8
2 8
5 8
21 9
18 12
17 3
20 4
8 10
12 7
6 3
64 70 18
55 48
16 15
30 16
38 3
10 30
32 8
53 16
59 42
25 12
49 18
8 22
3 10
8 68
7 35
51 42
37 44
12 5
8 41
28 24
77 7 22
71 1
69 1
15 4
17 4
8 1
25 0
55 6
51 2
71 2
27 1
25 1
55 3
64 5
30 4
61 1
16 4
0 0
62 1
23 2
47 1
22 3
13 5
28 1
52 63 29
34 23
13 32
51 2
17 39
19 52
31 36
34 54
23 30
1 24
9 18
34 53
26 36
35 37
39 26
8 30
0 41
33 5
50 58
43 50
30 28
43 47
13 4
28 44
12 61
23 23
14 59
33 60
16 23
2 17
51 50
33 17 1
7 12
32 1
38 59 9
1 18
21 17
13 31
22 55
34 27
15 31
35 11
35 56
21 41
7 17
77 27 26
21 24
58 9
74 19
17 25
70 9
33 5
0 25
32 24
70 1
74 16
54 2
61 16
33 22
47 18
67 2
43 25
4 11
40 19
59 17
33 25
34 11
5 14
60 6
52 0
72 16
62 4
46 26
88 22 25
38 19
77 4
27 0
7 7
27 6
20 18
70 15
8 0
32 19
70 4
80 13
41 5
32 12
51 11
79 17
30 5
14 17
37 15
46 20
41 0
38 0
37 0
22 1
20 4
47 10
38 1
40 75 5
23 55
28 33
25 62
10 21
26 66
1 56
38 86 18
3 81
4 0
5 83
10 83
27 71
34 17
20 25
15 59
12 36
8 28
31 74
32 57
28 23
16 29
26 45
17 15
4 62
8 22
29 80
2 69 17
1 30
0 54
1 49
1 8
1 35
1 19
0 14
1 11
1 33
0 8
0 50
1 62
0 12
1 68
1 63
1 6
1 60
1 27
40 13 11
14 8
15 2
23 12
3 8
14 11
4 2
19 11
8 1
23 4
8 9
33 9
26 2
35 84 8
33 66
2 18
23 66
15 56
23 83
17 52
15 41
18 9
33 40
26 78 11
11 69
23 40
14 47
5 66
8 7
21 54
20 49
13 44
6 41
24 15
8 12
12 27
3 6 13
2 4
2 3
2 0
1 4
0 4
0 0
2 5
1 0
0 2
2 1
1 2
2 2
0 5
0 1
29 53 6
8 13
15 46
23 44
18 48
17 46
19 36
17 32
41 82 4
10 76
35 2
38 76
26 4
36 47
100 89 27
65 48
96 63
30 65
21 65
99 58
74 19
50 39
92 15
41 72
15 81
88 1
22 8
22 16
23 61
99 77
56 67
22 25
91 86
80 76
41 23
11 10
53 25
75 30
55 22
10 70
3 79
2 15
65 7
78 89 25
31 54
16 75
57 42
61 43
67 37
45 21
69 49
30 63
58 49
55 76
24 17
7 75
58 39
42 7
74 51
68 11
16 48
49 84
59 47
31 21
3 77
50 33
16 61
56 24
34 65
0 17
15 64 13
0 54
4 39
13 13
14 56
3 45
11 7
9 61
4 14
3 5
0 52
11 39
9 63
2 21
3 4
52 70 17
4 29
6 27
2 15
46 21
5 47
7 30
29 22
18 21
32 38
14 62
31 57
6 39
38 43
32 54
10 23
39 50
37 19
5 19
18 76 18
0 42
17 34
7 73
16 63
3 28
7 25
4 14
17 35
2 62
15 63
5 13
16 15
8 44
9 73
15 4
12 11
3 9
5 54
9 69
6 21 10
0 9
2 16
5 6
1 15
5 0
2 9
3 9
1 1
1 16
1 5
5 10
48 24 25
25 5
26 11
47 20
29 8
13 14
21 1
18 1
34 20
39 11
47 10
12 16
5 14
41 20
43 8
11 23
1 12
28 3
23 19
47 4
3 5
34 16
46 21
17 9
41 9
20 8
11 0
66 37 31
58 1
2 20
44 35
24 28
33 13
32 27
17 11
32 26
1 15
0 13
30 9
63 11
63 25
48 6
56 11
51 8
41 2
33 21
47 33
8 30
21 3
43 9
0 10
56 8
3 30
21 8
58 35
63 33
2 28
25 32
20 0
35 8
29 82 29
10 12
14 7
14 53
7 63
15 13
21 19
9 80
3 81
18 31
27 9
25 12
26 54
22 21
14 22
17 6
22 6
27 47
10 26
8 63
24 5
28 31
12 24
27 61
10 21
3 48
16 28
18 18
7 30
20 36
3 77
19 84 5
0 58
1 68
15 30
16 54
13 19
15 76
68 13 2
18 1
20 11
2 8
60 57 18
15 15
11 13
15 10
49 25
1 15
12 42
37 37
23 1
24 18
44 28
58 43
53 18
10 14
8 27
18 13
23 34
33 28
9 54
1 23
69 43 30
11 38
10 3
50 40
64 16
54 42
23 0
67 22
66 9
65 33
67 29
3 25
37 3
36 35
26 13
40 16
37 23
8 38
16 10
27 35
4 42
8 42
68 14
4 33
24 15
20 21
44 7
6 34
44 18
54 40
18 35
63 32
89 98 12
2 3
83 4
74 51
25 94
47 65
28 80
30 41
31 72
60 22
14 71
49 74
25 32
53 93
4 31 13
0 21
1 13
1 6
1 29
1 27
1 4
1 17
2 2
0 23
3 28
2 21
2 22
3 2
2 19
18 8 31
12 5
13 0
8 3
4 7
11 3
14 3
13 5
4 5
7 7
9 1
15 4
9 3
11 2
10 7
11 1
3 5
2 4
17 7
2 0
5 6
16 3
10 6
10 3
12 3
0 5
13 4
1 4
10 4
7 4
16 7
1 7
7 1
19 79 7
13 13
3 22
8 45
14 11
14 72
5 13
10 19
10 31
72 63 31
55 47
30 21
17 58
3 22
46 37
50 32
50 4
8 20
38 47
71 41
60 41
24 16
60 5
27 47
32 13
24 50
15 34
69 48
19 9
16 56
53 12
14 40
41 11
23 43
47 2
39 18
25 26
25 58
29 53
7 15
10 38
38 60
39 80 26
5 19
14 2
25 13
26 16
36 15
31 38
17 5
33 34
20 30
19 4
5 73
14 73
0 11
32 61
19 10
1 10
16 75
1 78
4 4
5 47
36 37
5 10
9 4
17 49
16 64
8 37
30 1
24 22 28
6 4
21 11
18 13
22 7
11 10
22 2
10 1
19 5
3 21
18 19
2 1
17 8
17 11
12 21
14 11
7 12
3 13
21 2
4 6
19 20
16 19
0 19
7 1
2 14
17 4
10 3
16 21
21 5
2 11
57 9 2
53 3
40 4
24 4
46 23 7
17 3
5 17
30 4
43 7
4 3
41 19
3 11
10 1
3 15 4
2 3
1 4
1 12
0 7
1 9
38 81 23
26 20
14 11
25 11
4 45
13 60
0 55
32 36
11 1
14 21
14 68
19 53
7 12
27 23
30 9
13 78
15 70
7 66
5 50
9 75
20 3
19 25
29 34
26 60
26 26
58 47 12
5 40
13 40
10 41
33 21
50 16
32 3
57 26
30 43
42 22
54 43
7 5
30 29
18 9
32 17 12
29 2
7 11
6 15
13 10
24 16
18 9
5 12
11 13
12 13
13 0
27 10
21 2
15 3
36 67 30
16 64
12 35
14 8
6 31
18 31
6 44
28 54
32 55
32 34
17 64
33 10
1 64
30 44
10 3
22 64
16 21
35 23
2 40
9 60
15 34
27 2
35 42
26 45
0 34
30 59
32 5
23 17
27 28
15 36
12 53
14 29
4 30 1
2 4
2 15
62 91 10
21 51
21 14
40 79
38 52
1 89
42 72
5 36
43 23
5 23
48 38
53 22
27 95 4
20 94
5 33
3 52
0 69
16 39
82 20 31
2 7
16 7
70 5
76 3
30 15
46 5
64 1
31 2
42 3
24 17
8 8
12 15
17 9
31 8
27 0
67 19
37 11
42 13
61 19
12 11
80 12
46 11
40 3
11 2
76 0
69 4
44 19
31 17
11 12
75 16
51 16
71 4
41 87 6
4 4
7 31
30 47
23 82
26 36
27 31
15 24
19 40 4
6 3
16 10
15 26
12 32
11 26
70 3 0
59 2
10 18 0
0 6
90 36 17
35 15
52 0
85 10
2 7
22 19
72 18
4 22
63 23
78 19
23 3
70 16
6 6
34 13
47 27
78 9
76 3
7 17
85 9
37 70 8
26 54
2 8
21 10
25 68
13 68
36 57
14 65
28 9
26 48
27 92 25
22 37
7 17
15 33
10 7
25 83
22 31
3 58
26 44
1 32
23 55
12 43
9 58
12 59
15 19
17 4
23 69
10 28
23 49
1 44
15 72
25 32
9 69
26 55
18 16
0 51
10 18
51 49 28
6 34
12 24
18 28
42 33
48 12
49 43
0 25
16 20
10 41
35 47
9 12
37 31
37 32
48 28
8 18
38 14
24 22
48 11
47 45
3 20
49 19
9 1
37 28
34 31
26 19
35 41
19 27
32 7
31 16
52 5 28
4 1
29 1
25 1
14 2
5 0
22 0
24 0
30 4
12 3
15 4
39 2
44 0
29 4
32 3
5 3
43 0
28 2
45 4
2 2
49 4
40 0
48 4
2 0
35 4
19 2
31 4
25 4
3 3
0 0
4 25 26
1 3
0 16
3 5
0 12
0 6
1 14
2 11
2 16
1 6
0 0
2 12
0 14
0 11
0 2
1 8
1 2
0 17
0 18
1 19
3 16
3 24
3 10
3 18
0 23
0 20
2 10
3 19
82 35 5
75 14
74 29
64 25
10 26
0 8
32 33
97 64 26
14 7
79 26
21 33
71 57
38 63
89 44
89 36
92 15
92 27
76 14
8 30
11 15
78 2
83 43
46 50
49 52
12 58
58 53
83 31
47 53
91 42
84 8
5 52
50 1
20 50
38 47
27 18
31 51 20
24 38
21 23
27 48
15 6
13 19
15 8
14 24
19 27
3 21
26 19
28 27
9 38
14 40
0 1
26 21
3 44
15 26
2 1
29 4
27 49
26 49
49 44 10
10 22
36 6
9 20
0 32
29 0
40 24
12 4
3 26
7 32
27 40
6 38
66 25 3
46 12
20 21
59 8
5 16
61 38 0
5 27
98 12 7
76 0
11 9
92 7
72 4
50 11
86 5
62 8
96 7
47 85 21
37 34
31 32
18 18
9 32
31 53
42 19
43 70
25 52
44 39
3 41
12 21
30 83
19 26
12 2
36 51
19 68
38 37
36 42
20 81
46 48
19 19
37 24
0 0 0
