100
3 6
1 2 3 4 5 8
8 114
1 3 4 15 25 27 30 31 36 37 38 40 42 44 49 50 51 59 60 65 66 68 69 71 77 78 79 80 81 82 83 88 89 91 93 95 96 98 103 104 111 114 118 122 123 124 127 131 132 135 136 137 138 140 146 147 148 149 152 154 155 158 159 160 161 162 163 166 168 169 170 171 172 173 177 179 180 181 183 184 186 188 191 194 195 205 206 208 212 213 215 216 217 219 221 223 226 227 228 231 232 233 235 237 241 242 244 245 247 248 249 252 253 255
8 128
1 2 3 4 5 6 7 9 17 18 20 21 23 25 31 34 38 39 42 44 46 47 49 54 55 58 60 64 65 71 72 76 77 79 80 81 86 88 89 90 91 94 98 99 100 103 105 108 109 114 115 116 117 120 126 127 128 129 131 132 133 136 137 138 141 142 143 145 146 149 150 153 155 159 160 161 162 163 164 167 168 175 176 178 181 182 184 187 189 190 192 193 195 196 197 199 201 204 205 207 212 214 215 218 219 220 221 223 225 228 229 232 233 234 235 236 237 238 242 245 246 247 248 249 250 251 254 255
6 34
4 5 6 7 9 10 14 15 16 17 19 20 22 23 25 27 31 32 33 34 35 37 38 39 40 41 44 46 47 50 54 55 59 61
10 544
1 2 4 5 11 14 15 19 21 22 25 26 30 31 33 35 36 40 41 42 45 47 54 55 57 61 64 68 69 70 71 72 73 76 77 79 81 83 86 89 90 91 92 95 96 97 99 100 101 102 103 104 108 113 114 117 118 119 120 121 122 123 125 127 128 129 130 132 136 138 139 140 142 145 146 147 148 149 150 152 153 155 156 157 158 161 162 166 167 168 169 170 171 173 174 175 176 177 178 181 182 188 190 192 193 194 196 199 201 204 209 210 211 212 213 214 222 224 226 227 228 229 230 232 234 235 236 237 239 240 242 243 245 246 248 250 252 254 255 256 257 258 259 260 263 264 265 268 269 271 272 274 276 277 278 279 283 284 286 287 290 291 292 294 295 300 301 303 304 305 307 308 309 310 311 314 316 317 324 325 326 327 332 335 338 341 343 348 349 350 353 356 360 363 364 365 366 369 370 371 372 373 374 378 383 385 386 390 392 394 395 396 397 401 402 404 405 408 412 413 414 416 417 418 422 423 424 425 426 427 429 430 431 432 433 435 436 437 439 440 441 442 443 444 445 446 447 448 449 453 455 456 457 458 460 461 463 464 466 472 474 475 477 480 481 483 484 485 486 488 489 490 491 493 494 497 498 499 500 501 502 503 505 506 508 510 511 512 514 515 516 517 519 521 523 524 528 529 531 532 534 537 538 540 542 543 544 545 546 547 549 551 552 553 554 555 561 564 568 571 572 574 577 579 580 581 582 583 584 585 586 587 588 592 595 596 597 599 601 602 603 605 609 613 614 616 617 619 620 622 623 624 626 627 631 632 634 636 638 640 641 642 644 645 646 647 649 656 660 661 663 664 665 666 667 669 672 674 675 676 681 682 683 688 689 690 691 701 702 703 706 708 710 713 715 717 720 722 726 727 728 733 737 738 742 750 752 753 758 763 765 767 768 769 771 775 776 777 781 783 784 785 787 791 793 795 797 800 801 804 805 806 807 810 811 814 815 817 818 819 823 824 825 828 829 830 832 833 834 835 836 837 840 842 844 845 848 851 853 854 856 858 861 862 863 864 865 866 870 872 873 874 875 877 883 885 887 892 895 899 901 904 905 906 908 912 913 914 915 916 918 919 924 925 930 931 934 937 941 943 944 946 948 949 953 954 956 957 958 961 962 963 964 965 968 969 972 973 978 983 989 990 991 992 993 994 995 996 997 998 999 1000 1002 1006 1007 1009 1011 1013 1015 1016 1017 1020 1022 1024
3 3
2 3 7
3 4
2 3 6 8
2 0

10 527
1 3 9 10 11 12 15 16 18 19 22 24 25 26 27 31 33 34 35 38 40 41 43 45 46 49 51 52 55 58 59 60 61 64 67 73 75 76 80 83 84 85 86 87 90 94 99 101 103 104 105 107 109 113 115 116 117 118 121 122 123 124 125 128 133 135 136 137 138 141 143 144 145 146 148 149 150 158 160 162 165 168 169 170 172 174 175 176 177 179 181 182 183 187 188 190 191 192 193 194 196 198 201 202 204 205 206 207 210 211 213 214 215 216 219 220 223 227 228 231 236 241 243 244 247 248 249 251 253 254 255 258 260 268 269 270 272 274 276 279 281 282 283 284 285 286 292 293 294 298 299 300 301 303 308 315 317 319 321 325 327 330 332 333 334 339 340 341 343 344 346 350 351 352 357 360 361 362 363 364 365 368 369 371 374 376 377 378 380 381 383 384 385 389 390 392 395 397 398 402 403 404 405 407 412 413 415 417 419 420 421 425 427 428 430 433 436 437 438 440 442 443 444 446 451 453 455 456 457 459 460 462 466 468 469 471 472 474 475 477 479 481 482 484 487 488 489 490 491 493 495 496 498 499 500 502 503 504 505 506 508 510 513 514 516 517 519 520 522 523 524 526 527 528 529 530 531 533 534 535 536 537 539 543 544 545 547 548 549 550 551 552 553 554 555 558 561 562 564 565 567 569 570 571 572 575 577 578 581 582 584 585 590 593 594 599 602 604 607 608 614 616 618 620 622 625 626 627 630 632 634 635 636 637 638 639 641 646 648 651 652 656 658 660 661 662 663 667 670 671 673 677 678 679 682 685 686 689 690 691 694 695 696 698 703 707 709 710 711 715 719 720 721 722 728 729 730 734 735 736 738 744 745 748 751 753 755 757 760 764 768 769 770 771 773 776 777 778 779 782 783 786 787 788 790 791 792 794 796 798 799 801 802 803 804 808 813 814 815 817 820 822 823 824 825 827 830 832 835 836 839 840 842 845 846 847 848 850 851 852 853 855 856 857 858 860 861 862 863 865 866 867 869 870 873 875 876 878 880 881 883 884 885 886 887 889 890 892 893 895 896 898 901 903 905 906 910 913 915 916 918 921 922 931 932 933 936 938 940 942 943 946 948 949 954 955 957 959 961 962 964 966 967 972 976 978 979 980 985 987 988 989 990 993 996 998 1000 1002 1003 1005 1009 1010 1014 1015 1018 1020 1021
7 71
1 4 5 6 7 8 9 11 12 13 14 15 16 19 20 21 24 28 29 30 31 40 41 42 43 45 46 55 56 57 59 62 63 64 70 73 75 76 78 79 80 83 84 85 86 87 90 91 92 93 94 95 96 100 102 103 104 106 107 108 109 110 111 112 113 114 115 116 117 124 127
1 0

5 17
3 4 5 6 7 8 10 11 17 21 22 24 25 28 29 30 31
7 68
1 3 6 7 8 12 13 14 15 19 20 22 23 24 26 30 33 35 37 38 42 44 48 49 51 54 55 56 59 60 66 69 70 71 72 75 76 77 79 80 83 84 86 88 91 92 93 94 95 97 99 100 102 103 104 106 107 109 111 113 114 117 118 119 122 124 125 128
9 262
1 3 4 6 7 8 11 12 15 17 22 23 24 25 26 27 29 31 32 33 34 35 37 38 41 45 50 51 52 54 55 59 61 62 64 65 69 71 72 73 74 78 79 80 82 84 85 89 91 92 93 95 96 98 102 105 106 107 110 111 112 113 115 117 119 121 124 125 126 129 130 131 133 135 136 137 139 142 144 149 151 152 153 154 157 158 159 160 161 165 168 169 172 174 175 176 179 181 182 183 185 187 188 190 191 195 196 198 199 202 205 208 209 213 215 216 217 218 221 224 227 228 230 233 235 237 242 243 245 246 248 249 250 251 252 253 255 257 258 260 262 267 268 269 273 275 276 278 279 281 282 284 286 288 289 290 291 296 297 299 300 303 305 306 309 311 313 314 317 320 323 324 325 328 329 335 340 346 347 350 351 354 356 358 359 361 365 367 368 371 372 376 379 382 383 385 389 391 392 400 403 404 405 407 408 409 410 412 413 416 417 418 420 422 423 424 427 428 431 432 434 435 438 440 442 443 447 448 451 452 457 461 462 465 468 469 470 471 474 475 476 478 479 480 481 483 485 487 488 489 490 491 493 495 496 499 501 502 503 505 506 510
10 513
1 2 7 15 17 20 22 26 27 29 31 32 33 39 40 41 44 45 48 49 50 53 54 57 60 63 66 67 68 70 71 72 74 75 79 80 86 87 89 91 94 95 96 97 98 99 100 101 102 103 105 106 107 108 110 111 112 116 117 119 120 122 124 125 127 130 133 135 138 140 143 144 145 148 149 151 157 159 163 164 165 166 170 172 175 177 179 181 182 183 185 186 188 191 194 198 200 201 202 203 205 206 207 208 209 210 212 214 215 217 221 223 225 230 233 235 236 242 243 244 245 246 248 251 253 254 256 257 258 261 262 264 269 270 271 272 273 274 275 277 278 285 286 287 288 289 292 293 294 295 297 299 300 303 304 308 310 312 313 314 316 317 319 320 323 325 327 328 329 331 332 333 335 337 346 348 349 351 355 357 358 360 363 365 366 368 370 374 375 378 383 384 385 386 388 389 390 392 393 396 397 398 402 403 404 408 410 412 413 416 418 422 430 432 436 437 438 439 443 445 450 451 452 453 454 456 460 462 464 465 466 467 468 469 470 471 474 475 478 479 480 481 486 488 490 491 498 500 501 504 506 508 509 510 512 514 516 517 518 519 520 522 524 525 526 529 530 533 538 539 541 552 553 554 555 556 561 563 564 565 569 571 572 573 575 577 580 582 583 588 589 590 592 594 595 598 599 602 603 604 605 606 608 610 611 612 616 617 618 619 620 624 627 630 631 634 637 638 640 642 643 644 646 647 649 650 654 655 657 658 659 661 662 663 667 669 670 673 674 677 679 680 683 684 685 686 688 689 692 693 694 695 698 699 701 702 703 704 705 708 709 711 714 715 717 720 722 725 727 728 730 732 733 734 735 736 738 739 740 744 748 750 751 752 757 760 763 764 766 767 768 769 771 772 773 774 775 778 780 781 782 783 788 789 790 791 792 794 795 796 797 798 810 812 813 814 816 818 819 820 822 823 824 825 826 828 829 830 832 834 837 838 839 852 858 859 861 865 867 868 870 872 873 875 877 879 883 884 885 887 890 894 895 905 908 912 915 917 918 921 922 923 924 925 928 929 933 934 936 937 938 939 944 947 949 952 955 957 958 960 962 963 971 972 973 977 980 981 982 987 988 990 991 992 993 994 998 999 1000 1002 1004 1006 1008 1010 1011 1013 1015 1016 1018 1019 1020 1021 1022
6 30
1 2 3 7 9 10 12 13 16 18 21 23 24 26 30 31 32 33 37 40 41 42 43 44 47 48 53 57 58 61
9 268
1 2 3 4 6 7 9 10 11 13 15 16 17 19 20 22 23 27 28 37 39 40 43 44 45 46 47 48 49 50 51 53 54 55 57 58 59 63 65 66 67 68 70 79 82 83 84 91 93 94 95 97 98 100 101 102 104 106 111 112 113 115 117 118 119 122 123 124 125 126 129 130 134 136 137 138 141 142 144 146 149 151 158 159 160 164 166 167 169 170 171 172 173 174 175 177 179 180 181 182 192 194 195 196 197 199 200 202 205 207 208 210 211 213 214 216 218 220 222 224 225 228 229 231 235 236 238 239 240 241 246 248 249 250 251 252 253 255 256 259 261 262 264 265 267 269 270 272 274 276 278 279 281 284 285 286 287 290 292 294 295 298 299 301 303 304 307 308 309 311 312 313 316 319 321 327 328 330 331 334 336 338 343 345 348 349 352 353 354 359 360 362 364 365 370 372 377 378 380 381 382 384 385 386 387 389 390 393 395 396 397 402 404 406 409 411 412 416 425 428 429 430 434 436 437 438 439 440 442 446 448 450 451 452 457 458 460 461 462 465 466 467 468 469 470 472 473 474 477 478 481 484 485 486 488 489 491 492 495 496 498 499 500 501 503 504 510 511
3 2
3 8
10 521
1 4 6 7 8 9 10 12 13 17 18 21 23 25 26 27 30 31 33 37 40 45 46 47 48 50 54 55 57 59 65 66 68 69 70 74 77 79 83 87 89 93 94 96 97 98 100 101 102 103 104 105 108 109 111 112 114 116 119 121 124 126 129 130 131 132 133 134 135 136 138 139 142 144 146 148 149 151 152 153 158 159 161 162 164 165 166 167 169 170 174 175 176 179 181 182 184 186 188 189 192 193 195 196 198 199 203 204 206 207 208 210 216 218 220 221 222 223 224 227 228 230 232 234 235 237 238 240 244 245 247 253 254 258 259 260 261 264 268 269 270 271 277 280 282 285 287 290 291 293 297 298 300 304 306 307 309 315 316 317 318 323 325 326 327 329 330 335 336 338 339 343 344 345 346 347 348 350 352 354 356 357 360 362 363 366 369 371 378 379 380 381 383 390 391 392 394 396 397 400 401 402 406 408 409 412 413 415 416 420 421 423 426 434 436 438 439 443 446 448 451 453 454 455 456 457 458 464 466 467 468 469 470 471 473 474 475 477 478 488 492 493 494 495 497 498 499 500 502 505 506 507 508 509 513 514 515 517 518 523 526 527 528 530 531 532 533 534 536 537 539 540 541 542 544 545 548 551 552 553 554 557 558 561 562 565 566 568 570 571 573 576 577 580 581 583 584 586 589 592 594 600 603 605 608 609 610 611 612 615 616 618 619 624 628 629 630 635 637 641 642 646 647 648 649 650 654 656 658 661 662 663 666 667 669 671 672 674 676 677 679 680 684 685 686 689 690 692 693 697 699 700 701 703 704 707 712 713 714 716 717 718 719 720 721 723 724 725 728 729 731 732 733 734 735 737 739 741 744 746 749 752 753 755 756 757 760 765 768 769 772 774 776 778 779 783 786 789 790 791 793 795 796 797 799 804 806 807 808 809 810 811 813 814 815 817 818 819 820 821 822 824 826 827 828 830 832 834 835 847 848 851 852 854 855 857 862 863 865 866 867 874 875 876 879 881 887 889 891 892 894 896 900 901 902 905 906 907 908 910 914 915 916 920 921 922 923 924 925 927 929 931 932 933 935 936 938 939 940 941 944 946 947 950 953 956 957 959 960 962 963 966 969 970 979 980 985 987 988 989 990 991 993 994 995 998 999 1001 1002 1003 1007 1008 1010 1011 1012 1015 1017 1018 1021 1023 1024
3 3
5 6 8
4 8
1 3 9 11 12 13 15 16
7 65
1 3 4 8 9 14 15 16 17 20 21 22 23 26 27 28 29 30 31 32 34 35 37 40 42 43 44 45 46 50 56 59 62 64 65 68 69 75 76 80 82 84 86 87 88 90 92 93 94 98 102 108 109 110 111 113 114 115 117 118 120 122 123 125 127
9 256
1 2 4 6 7 8 10 11 14 17 18 20 25 30 35 36 38 41 43 46 47 49 50 51 52 57 60 62 64 70 71 72 74 77 78 79 81 82 85 86 88 90 91 93 94 96 98 101 104 106 108 109 112 113 114 115 116 117 119 120 126 128 130 134 138 141 142 143 144 145 146 147 148 150 151 152 156 157 162 163 166 167 168 169 172 175 178 180 182 183 184 186 190 191 192 193 201 203 205 206 207 208 210 211 212 213 215 220 223 224 225 226 232 233 236 238 239 240 241 243 244 245 249 250 252 253 255 256 259 261 264 265 266 269 271 272 273 274 275 276 278 280 281 282 283 284 285 286 291 292 293 295 296 297 300 305 307 312 313 315 316 321 322 324 327 330 331 332 337 340 342 343 345 346 349 350 351 352 353 356 360 363 365 367 372 373 376 378 381 382 383 388 389 390 391 392 393 394 396 397 402 406 409 410 411 412 413 414 416 418 419 420 423 429 431 435 439 441 442 443 444 447 448 449 451 453 454 455 460 461 464 466 468 471 474 475 476 478 483 485 486 489 490 492 495 496 500 501 503 504 506 507 508 509 511 512
6 35
1 5 6 8 9 11 13 14 15 18 19 20 21 22 24 25 26 28 29 32 33 34 37 38 40 41 44 45 49 51 52 56 58 59 63
8 124
2 4 5 6 7 10 19 20 21 22 23 24 25 31 34 37 42 43 44 48 50 53 55 57 59 60 61 64 66 70 71 72 75 76 77 78 81 82 84 89 90 94 96 97 98 104 105 106 107 109 111 112 115 116 117 118 119 121 123 125 128 130 131 132 135 136 141 144 146 147 149 150 151 152 153 154 156 158 159 161 162 165 166 170 173 174 177 178 179 180 181 183 184 187 191 198 200 202 203 205 207 210 212 214 215 219 221 222 223 229 230 233 235 236 238 240 241 243 244 248 249 252 254 256
8 128
1 4 6 7 8 9 12 13 14 17 19 21 25 27 28 30 31 33 35 37 38 40 44 46 50 54 55 57 58 59 61 62 63 64 66 71 72 73 75 78 79 80 81 85 87 88 90 93 95 96 97 101 104 105 106 109 110 112 114 120 121 122 123 124 125 126 127 128 130 132 134 135 136 137 138 140 141 143 150 158 161 162 165 173 174 178 179 180 181 182 187 191 195 196 197 198 200 202 205 206 207 208 209 211 214 215 216 220 221 224 225 227 232 234 236 238 239 242 243 244 245 247 249 250 252 254 255 256
5 12
1 5 6 8 15 18 19 20 23 27 30 32
10 529
5 6 7 10 11 12 13 14 15 17 18 19 23 24 26 28 32 38 40 41 44 52 53 55 56 58 59 64 65 67 71 73 76 77 81 82 83 85 86 89 91 92 93 94 95 98 99 100 102 104 106 107 112 113 116 118 120 122 123 125 126 127 132 134 135 137 138 139 140 141 143 144 145 147 148 151 152 154 157 158 159 163 164 166 168 170 171 174 176 179 180 181 182 183 184 185 188 190 191 192 194 197 198 201 203 204 207 208 209 210 211 213 214 216 218 219 221 222 224 225 226 230 231 236 237 239 242 243 245 250 251 252 253 254 255 257 259 262 264 266 267 268 269 270 273 276 277 278 281 282 285 287 288 289 290 291 293 296 299 305 306 308 309 315 317 318 321 323 324 325 326 327 328 330 334 335 337 338 343 344 345 346 348 349 350 352 353 354 355 356 357 359 362 363 365 367 370 371 372 374 375 377 380 383 386 387 390 391 393 395 397 398 399 401 402 405 407 408 409 410 411 414 416 417 420 424 425 428 432 434 438 441 446 450 452 454 455 456 459 461 462 465 466 467 468 469 472 473 474 477 478 481 482 483 484 486 487 488 489 490 492 493 494 495 498 501 502 503 504 507 509 512 515 516 518 522 523 526 527 528 529 532 533 539 541 545 546 547 548 549 556 559 560 562 563 567 568 569 570 572 573 575 576 578 579 582 584 586 592 601 603 604 605 606 607 609 611 616 618 621 622 625 627 629 630 631 632 634 635 637 639 640 641 642 645 651 654 659 663 664 666 668 671 673 674 675 676 678 680 682 683 684 685 687 689 690 691 692 694 695 698 700 703 706 708 709 715 717 718 719 720 721 722 723 724 728 730 731 732 734 735 741 742 747 750 751 754 756 758 759 760 761 762 764 768 769 770 774 775 776 779 780 782 783 784 785 787 788 789 790 791 792 795 796 797 799 801 803 805 806 811 814 816 818 819 821 822 823 825 826 828 829 832 837 838 839 841 842 843 845 846 848 849 852 853 855 856 857 859 860 862 863 864 873 876 878 879 881 882 883 884 886 887 890 892 893 895 896 897 900 902 905 906 910 913 920 922 924 925 927 928 931 932 933 934 936 937 938 941 942 943 944 947 948 949 952 954 955 958 959 960 962 963 965 969 971 972 977 981 982 985 988 991 992 995 996 997 1000 1001 1004 1005 1006 1010 1011 1015 1017 1021 1022 1024
8 128
2 6 8 13 14 15 17 19 26 31 35 36 40 42 45 47 48 49 50 52 53 54 57 58 59 61 62 63 66 67 69 75 77 82 85 86 87 88 89 90 92 93 94 95 96 97 98 100 102 104 106 108 110 112 113 114 115 116 117 118 119 120 128 130 131 132 134 135 136 137 139 149 151 153 155 156 157 158 159 161 162 165 167 168 169 170 173 175 177 180 181 184 185 186 187 188 189 190 192 194 195 198 199 201 203 204 205 206 207 213 216 218 219 221 228 232 233 235 238 239 240 245 246 249 251 253 254 255
4 7
4 5 10 11 12 13 14
2 3
2 3 4
8 133
1 2 3 5 6 7 8 12 13 14 20 23 24 25 26 28 29 30 31 32 33 34 35 36 37 38 39 42 43 45 47 49 53 54 55 57 60 63 66 67 69 70 72 73 76 77 78 79 83 84 86 89 90 93 94 97 102 104 106 107 109 110 111 112 113 115 122 125 126 130 131 132 133 135 139 140 143 145 146 150 152 153 154 155 157 159 162 166 167 168 170 171 172 174 175 177 182 183 185 186 187 188 190 192 193 194 197 199 202 203 206 207 212 218 220 221 222 223 227 229 230 235 236 240 241 242 243 244 248 251 252 254 256
10 521
2 4 8 12 13 19 20 21 23 26 28 32 35 36 37 39 41 43 45 47 49 50 51 52 54 55 57 61 62 64 66 67 72 73 77 79 80 82 83 85 86 87 88 92 95 98 99 100 103 104 105 108 109 111 112 113 116 121 122 127 128 133 138 142 146 147 148 154 161 162 163 165 167 171 172 174 175 176 177 178 180 182 184 186 188 189 192 197 199 203 204 206 209 210 213 219 221 223 232 233 235 242 243 244 249 251 252 254 255 256 257 261 262 267 268 272 273 275 278 279 283 284 286 287 290 291 293 295 296 299 300 301 302 303 304 307 308 310 311 312 314 317 319 323 324 325 327 329 330 332 333 334 336 339 340 342 343 345 347 348 350 352 354 355 356 358 366 368 370 371 373 374 375 377 378 381 384 386 387 388 389 393 394 398 400 401 405 407 408 412 413 414 415 417 418 422 423 424 428 429 431 432 433 434 436 439 445 448 450 452 454 455 456 458 459 462 463 465 467 468 470 472 473 474 476 478 479 480 482 483 484 485 487 490 492 493 497 501 502 504 505 507 510 512 513 515 516 517 518 519 521 525 527 528 529 531 532 535 537 538 539 540 543 545 547 550 551 552 554 561 563 566 567 570 572 574 579 580 583 584 588 589 592 593 597 602 604 605 606 607 609 610 611 614 615 616 617 619 620 621 622 626 627 629 631 633 635 636 637 638 639 640 641 642 644 645 647 648 654 655 656 657 659 660 661 662 663 664 665 666 668 669 671 672 675 679 680 681 686 691 693 694 695 696 697 699 700 701 702 703 707 708 709 710 711 712 714 716 717 718 719 721 722 723 724 725 726 727 728 730 731 733 734 735 739 742 745 746 748 754 757 760 765 766 767 770 772 774 779 780 781 784 786 788 791 792 793 796 799 800 801 806 807 808 810 811 812 813 815 820 821 823 828 833 834 835 836 837 838 839 840 843 845 846 847 848 850 851 852 856 857 858 861 862 863 864 865 866 867 868 871 872 873 874 876 877 879 880 883 885 888 890 891 893 894 895 896 898 900 903 905 907 908 909 910 911 912 914 918 919 922 923 925 926 927 932 933 935 936 937 938 941 944 945 946 949 951 956 960 961 964 965 970 971 981 984 985 986 987 988 991 993 997 998 999 1001 1002 1004 1006 1008 1010 1012 1013 1014 1015 1016 1017 1018 1019 1023 1024
3 3
1 4 6
10 500
2 3 4 5 11 14 16 17 20 23 24 25 29 30 31 33 34 36 37 38 45 46 48 50 51 52 55 56 57 60 65 66 68 72 73 74 76 78 79 80 81 84 85 87 88 91 92 93 95 96 99 100 101 102 105 106 110 111 117 121 123 125 126 130 131 132 133 136 138 139 140 141 142 143 147 153 155 156 158 159 160 161 162 163 164 167 168 169 170 172 173 175 177 178 181 182 184 188 191 196 197 198 199 200 201 205 207 211 215 216 219 220 221 223 225 228 232 234 239 240 243 244 245 246 251 253 254 255 256 261 262 265 266 272 273 278 279 280 282 284 285 287 288 289 294 295 297 299 302 303 307 312 315 316 317 319 321 323 324 326 329 330 331 333 334 335 339 340 341 342 349 351 353 354 358 359 361 363 364 366 367 370 373 374 377 378 380 381 384 385 386 387 390 391 394 395 397 398 399 400 401 405 406 407 408 411 414 417 419 421 422 425 427 428 430 431 433 434 435 436 437 439 441 442 443 445 446 447 450 451 453 456 457 461 464 467 468 469 470 473 474 475 477 479 482 484 485 486 487 488 491 496 497 499 502 503 504 505 506 508 514 517 519 520 522 524 527 529 531 532 534 535 540 541 542 546 549 556 557 560 561 562 563 565 566 567 571 573 577 578 579 580 582 584 586 587 592 594 596 597 598 600 606 607 609 614 616 617 622 624 625 627 630 632 634 635 636 638 642 644 645 646 647 648 649 651 653 656 657 658 661 662 663 666 667 668 669 672 673 674 675 676 681 683 684 685 690 691 694 696 697 699 701 704 705 709 710 711 714 718 719 723 724 727 728 729 730 734 738 739 740 741 742 745 746 748 752 753 755 756 758 759 761 763 766 768 769 771 773 775 776 777 779 788 793 794 795 797 799 800 802 805 806 808 810 812 814 815 816 819 820 822 825 828 831 832 834 837 838 841 842 843 844 845 846 847 852 854 855 857 861 866 869 870 880 881 882 887 889 891 892 896 898 899 903 904 905 910 914 916 924 925 927 930 931 932 935 937 938 939 941 942 945 946 948 950 952 955 957 959 963 965 966 967 968 969 971 975 978 980 981 984 985 988 989 990 992 997 1000 1001 1005 1006 1009 1010 1011 1012 1015 1017 1018 1021
1 2
1 2
5 15
4 6 9 10 12 16 17 19 20 25 26 27 29 30 32
1 2
1 2
10 509
3 5 7 9 12 13 16 18 22 23 25 26 28 29 34 39 40 41 43 44 47 48 49 50 53 54 55 56 57 58 60 62 63 64 65 68 69 71 72 74 75 76 77 79 80 90 91 94 101 105 108 109 111 115 116 117 118 119 120 121 122 125 126 130 131 132 133 136 137 139 141 142 143 147 150 153 154 156 158 160 161 163 164 165 166 167 168 170 173 174 180 182 186 188 189 190 191 198 200 201 206 207 208 211 212 213 217 218 220 221 225 227 230 235 236 239 241 242 244 250 251 252 253 256 257 258 259 261 265 268 269 274 276 279 282 286 287 288 289 290 292 294 296 297 298 299 300 304 309 311 316 319 320 322 323 324 325 326 327 328 329 330 332 334 335 339 341 342 346 347 348 350 351 352 353 355 362 366 367 368 370 371 372 373 380 381 382 383 384 386 388 395 396 398 400 401 403 404 405 406 410 413 415 421 423 424 425 426 427 429 432 433 434 435 436 437 442 444 449 451 453 454 456 457 460 462 463 465 466 467 468 471 472 473 475 477 478 479 480 482 485 486 488 489 490 491 493 494 495 497 498 501 503 504 505 506 508 509 510 513 514 515 522 523 524 525 526 530 531 533 534 536 538 541 542 545 547 551 552 554 555 556 560 561 564 565 566 567 569 571 575 576 578 580 582 583 585 589 590 592 594 595 597 599 601 603 604 605 606 607 609 614 615 616 623 626 627 628 632 633 635 636 638 639 643 648 649 650 651 652 654 657 660 661 662 663 664 666 668 669 673 675 676 677 679 681 682 685 686 687 692 695 696 699 701 703 709 711 712 713 715 716 718 721 722 727 728 730 733 734 735 739 743 745 746 748 749 752 754 755 758 760 761 763 764 766 768 769 770 775 780 781 782 783 784 785 786 788 789 790 791 794 796 799 802 803 804 806 812 815 816 817 819 820 822 828 829 830 833 838 839 840 843 846 855 856 857 859 860 865 866 869 871 872 874 876 878 880 882 884 892 894 895 897 901 906 908 909 910 914 916 917 918 919 921 925 927 928 929 933 934 935 936 937 938 939 940 941 945 947 948 950 954 955 957 959 960 961 965 966 968 969 972 974 975 978 981 982 983 985 988 989 992 993 994 996 997 998 1000 1001 1002 1005 1007 1008 1015 1017 1019 1020 1021
8 127
1 3 5 6 8 10 12 13 17 18 19 23 24 26 28 30 31 32 34 36 37 38 39 40 41 43 44 45 46 48 49 51 53 54 55 56 57 59 60 62 63 64 65 67 73 78 80 88 89 90 91 93 94 95 98 99 100 104 105 106 108 109 110 111 113 115 118 121 124 128 131 133 138 141 143 144 145 147 154 156 160 161 166 167 168 169 171 173 174 176 179 180 184 187 188 189 191 192 194 196 197 199 201 202 203 204 208 212 213 214 215 218 221 223 228 233 235 237 241 242 244 248 249 250 251 252 254
6 36
1 3 5 6 9 10 13 16 17 20 21 22 23 24 25 26 28 30 34 35 37 38 39 40 41 42 44 46 50 53 56 58 59 60 62 64
7 70
1 2 3 4 5 6 7 8 13 15 16 17 20 21 24 25 26 28 30 31 33 34 36 37 38 42 43 46 48 50 51 53 56 59 62 63 65 66 68 69 70 75 76 79 80 81 82 84 85 86 87 90 91 92 93 96 99 103 104 105 106 113 114 116 117 120 122 123 126 128
6 30
3 4 7 9 11 13 14 16 23 26 27 30 31 36 37 38 40 44 47 49 51 53 54 55 56 57 58 60 61 62
2 2
1 4
7 67
2 3 4 5 8 9 10 11 12 14 16 17 19 20 23 24 25 28 29 31 34 37 39 40 42 44 45 46 47 53 56 57 58 59 60 61 66 71 72 79 80 81 84 85 88 91 93 96 97 98 103 104 105 109 110 111 116 117 118 119 120 121 124 125 126 127 128
3 4
1 2 5 7
10 517
5 6 8 9 11 14 15 18 22 30 31 32 35 36 39 40 41 42 44 48 50 52 53 56 57 58 61 64 65 67 69 70 73 74 78 81 85 88 90 92 94 95 97 98 99 100 101 102 104 105 106 107 108 109 113 114 115 116 119 124 125 128 131 134 136 137 139 143 146 147 150 151 152 153 155 156 157 159 161 162 163 164 165 167 170 171 172 174 176 177 181 184 185 187 188 189 190 192 193 195 198 199 200 201 202 203 205 207 208 214 219 226 227 228 229 230 231 233 234 235 236 238 239 240 241 246 247 248 250 252 253 255 258 263 267 268 270 273 274 275 279 280 285 287 292 293 295 297 298 299 300 301 304 306 307 308 310 312 314 315 316 318 320 321 322 324 325 327 328 330 331 334 335 336 337 338 341 342 345 349 352 354 355 358 359 360 361 362 363 365 366 367 368 369 372 377 379 380 381 383 385 391 392 394 396 397 399 400 401 402 403 407 409 410 411 412 413 414 415 416 421 426 429 430 432 433 435 438 439 442 443 446 448 450 453 454 455 458 461 462 464 465 469 471 473 474 475 477 483 488 490 493 496 497 498 500 502 505 507 509 510 511 512 516 517 518 521 522 523 528 531 532 534 535 538 539 540 541 543 545 547 548 549 552 557 561 567 569 572 573 575 576 577 578 579 580 584 585 586 588 590 593 594 595 597 599 600 601 603 604 605 606 607 609 610 614 615 620 621 622 623 624 625 626 628 630 631 636 640 642 644 648 650 651 653 654 658 660 661 662 663 664 667 668 671 672 674 676 678 679 680 686 687 688 690 693 697 701 702 703 704 705 707 711 712 713 715 717 718 719 721 723 724 725 726 728 731 732 734 735 738 739 740 742 745 748 752 753 755 756 758 759 762 764 765 771 773 775 776 777 779 781 784 785 786 787 788 789 794 796 798 800 805 806 808 811 812 813 815 821 822 823 825 833 835 838 840 843 844 848 849 850 851 852 853 854 856 857 861 862 863 864 868 872 873 875 877 879 880 882 883 885 886 888 890 891 894 896 900 901 902 904 907 908 910 911 912 913 915 916 920 921 926 930 933 934 935 936 937 938 939 941 942 944 947 948 951 953 955 956 957 961 962 964 967 970 971 976 980 989 990 991 992 996 997 1001 1003 1005 1010 1012 1013 1014 1019 1020 1022 1023 1024
9 263
2 3 6 8 9 10 12 14 16 17 19 20 21 23 26 29 32 33 34 37 38 39 40 41 43 49 51 53 54 55 57 60 62 63 65 67 68 70 78 79 81 82 83 84 85 87 88 89 95 96 99 100 103 107 108 110 114 115 118 119 124 125 127 129 131 132 133 134 140 143 144 146 147 148 149 150 154 157 158 160 163 168 169 170 171 172 174 175 176 177 178 179 180 181 182 185 188 190 192 196 198 199 202 204 206 209 211 215 216 217 219 224 227 228 230 232 236 238 243 249 252 254 255 256 259 264 265 266 267 269 270 272 276 277 278 279 284 287 289 290 291 292 293 295 296 297 299 300 303 304 305 311 313 317 318 319 321 322 324 325 328 329 331 333 335 336 337 340 341 344 345 346 349 350 351 353 356 357 358 359 363 365 366 367 368 371 377 379 380 382 387 388 390 395 397 398 399 401 402 405 406 407 408 411 412 414 415 418 420 421 422 424 426 429 432 433 434 436 437 438 439 440 442 443 444 445 446 449 450 451 453 456 458 460 461 462 463 464 465 466 467 469 470 473 477 479 480 482 484 485 486 487 493 494 496 497 500 502 505 506 507 508 511
4 9
1 4 8 9 10 11 12 15 16
9 241
1 7 11 13 14 18 19 20 24 28 29 30 32 34 35 36 38 39 40 42 44 45 48 50 51 52 55 56 58 61 62 65 67 70 73 74 78 80 81 87 88 94 97 99 103 107 109 112 114 115 116 117 118 119 124 126 132 133 138 139 142 144 145 147 148 150 151 152 155 159 160 161 163 164 167 168 170 173 174 177 178 181 183 184 185 186 189 192 196 199 200 204 210 213 216 218 219 221 223 228 229 231 233 234 238 240 242 248 251 254 255 256 259 261 262 263 264 265 266 267 269 275 276 277 278 279 282 284 285 287 290 291 295 298 302 304 307 310 314 318 320 321 323 325 326 329 330 333 334 336 342 343 344 345 347 348 351 352 353 354 357 358 359 360 361 366 370 371 374 381 382 385 386 387 390 393 395 399 401 402 403 405 407 408 410 413 414 415 416 417 418 425 427 431 434 435 436 437 438 439 441 443 444 450 452 454 458 460 464 465 467 468 469 470 472 476 477 478 479 480 481 483 484 486 488 489 490 493 494 496 497 498 499 500 501 503 504 505 507 510 512
2 2
2 3
4 12
3 4 5 6 7 8 9 10 11 12 13 14
7 62
2 4 5 8 11 13 15 16 18 19 22 25 27 29 32 34 35 37 38 43 48 50 51 52 53 55 58 59 64 65 66 67 68 69 75 76 77 78 79 80 81 82 83 84 85 86 89 91 94 95 97 98 100 102 104 107 108 111 114 115 119 124
6 31
1 3 4 5 12 14 15 16 17 20 21 22 27 28 29 32 33 34 35 36 40 42 44 47 49 52 53 54 59 61 64
2 2
2 3
1 1
2
1 2
1 2
6 31
5 6 7 8 11 12 14 15 19 22 24 25 26 27 29 30 31 36 37 39 41 42 45 48 52 54 55 56 58 61 64
2 2
1 2
9 282
1 8 10 12 13 14 16 17 18 19 22 24 25 26 27 28 34 35 36 39 46 48 49 52 53 54 55 56 57 61 62 63 65 69 71 72 73 74 76 77 79 81 84 85 88 89 90 91 93 94 95 96 98 100 102 103 104 105 107 108 109 110 114 117 118 119 120 121 122 124 125 126 127 128 129 130 131 133 134 136 139 140 142 145 146 147 148 150 153 154 155 157 158 160 161 163 164 167 168 171 172 177 178 179 181 183 186 187 188 191 193 194 195 197 198 202 204 207 210 211 215 216 218 219 220 223 226 227 229 230 231 232 233 234 235 238 240 241 245 246 247 248 249 250 251 252 254 257 258 259 261 264 268 269 270 271 272 273 275 276 278 279 280 281 283 284 288 293 294 303 306 307 308 309 310 311 312 314 315 317 322 325 326 330 333 335 338 342 344 345 346 348 350 351 352 353 355 356 359 363 365 366 367 370 371 372 373 375 376 378 381 385 389 391 392 393 394 396 398 400 401 403 404 406 407 408 409 413 415 416 417 419 422 426 427 428 429 431 432 434 435 436 437 439 441 442 443 446 451 452 453 455 457 458 460 464 467 469 471 474 475 476 477 480 482 483 486 487 489 491 492 493 495 497 499 501 503 506 508 510 511 512
1 1
1
9 248
5 8 9 10 14 15 18 19 20 21 23 26 27 28 31 32 39 43 44 46 48 49 52 53 55 57 58 64 66 67 68 70 72 74 75 77 81 82 84 85 87 88 94 96 97 99 100 103 107 108 109 113 114 116 117 119 123 124 126 127 130 134 135 138 142 143 145 146 148 151 152 153 154 155 157 158 160 161 162 164 165 170 172 173 175 176 186 188 189 190 191 193 197 198 199 201 204 207 208 212 213 216 218 219 221 222 223 227 230 231 233 238 240 243 244 245 247 249 250 251 252 253 257 259 260 261 262 264 268 270 271 272 274 275 277 278 279 280 281 283 284 285 286 288 291 294 298 300 302 303 304 305 307 308 310 311 312 315 318 319 320 322 323 325 327 329 334 336 339 340 341 343 345 352 356 363 364 367 368 371 373 375 376 377 381 382 384 385 387 389 391 393 394 395 398 400 402 406 410 411 412 415 417 418 419 422 423 424 425 426 431 432 435 436 441 445 447 450 451 452 453 454 455 456 458 460 463 464 466 467 468 469 472 473 474 476 480 485 490 492 493 495 497 498 500 503 507 509
2 3
1 2 4
8 124
1 5 7 8 9 10 12 13 14 16 17 18 20 25 26 28 35 37 42 44 46 47 49 50 52 54 56 58 59 60 61 62 63 66 67 71 73 79 80 83 88 95 96 98 99 101 102 103 104 105 109 112 113 117 118 119 120 125 126 129 131 132 133 134 135 136 140 141 143 144 145 147 150 152 154 157 159 161 164 166 167 170 172 175 177 178 179 181 185 187 188 189 192 193 199 200 203 204 205 207 208 210 212 213 216 217 218 219 220 222 223 227 228 231 232 233 237 245 248 250 251 252 253 254
9 267
4 8 9 10 11 14 16 18 19 20 21 22 24 25 27 29 32 33 34 35 39 40 42 45 46 48 50 51 53 54 59 60 61 63 64 66 68 69 71 73 74 75 76 77 78 79 81 83 84 88 89 91 92 93 94 95 98 99 102 103 105 107 110 111 116 117 121 125 126 127 129 130 131 134 139 140 145 148 149 150 152 153 156 158 161 163 169 172 173 176 177 178 180 182 183 186 188 189 190 192 194 195 196 200 201 203 205 208 210 211 212 214 216 217 218 220 221 222 225 227 228 229 231 232 233 234 236 239 240 242 244 246 250 251 253 257 260 261 263 266 268 270 271 272 273 277 278 281 283 284 285 288 289 290 291 294 295 296 297 299 303 304 305 308 310 314 320 325 328 329 330 331 332 334 335 339 340 341 346 350 353 354 355 356 359 362 364 365 367 370 374 375 379 380 381 384 387 388 390 392 397 402 403 404 408 409 411 412 413 414 415 418 420 424 425 426 428 430 431 432 434 435 436 438 439 440 442 443 444 445 448 451 452 453 455 456 458 459 460 461 462 463 468 471 472 473 475 476 477 478 479 483 485 486 488 489 491 493 495 497 498 502 506 507 509 510 511
8 146
1 2 3 6 8 9 10 11 18 19 21 22 23 24 25 27 28 31 32 34 36 37 38 39 40 43 44 45 49 51 52 54 55 58 59 62 64 65 66 67 68 69 70 71 74 76 77 78 80 81 82 83 85 86 88 89 94 97 100 103 105 108 109 110 111 112 113 114 117 118 120 122 124 125 126 128 130 131 132 133 134 136 137 138 139 140 142 143 145 147 148 149 151 155 160 161 162 163 164 165 166 167 168 169 170 171 173 174 176 177 179 180 182 184 187 188 191 194 196 197 199 203 212 215 216 217 218 219 221 222 223 225 229 230 231 234 235 236 237 239 241 245 249 251 252 256
7 54
6 7 10 12 13 14 16 18 19 21 25 29 33 34 35 38 39 40 42 43 45 48 49 50 52 54 58 59 62 65 67 69 74 75 78 81 82 85 94 95 96 101 103 107 108 110 111 113 115 117 119 120 124 127
9 250
1 2 3 7 8 9 10 12 13 14 15 16 17 19 20 21 22 29 30 32 33 34 42 44 45 46 47 50 54 56 58 61 64 66 67 68 71 73 76 82 83 84 85 88 90 95 96 98 103 105 107 108 109 113 115 116 119 120 122 123 126 128 129 130 136 137 139 140 141 143 144 145 146 151 152 154 156 157 160 162 165 166 168 172 173 175 176 179 180 182 183 184 185 186 188 190 191 192 193 196 197 198 202 206 207 208 210 211 212 213 214 216 217 218 219 221 222 223 224 229 230 233 234 237 240 243 248 255 256 259 263 267 268 269 271 273 274 275 277 281 285 287 289 290 291 295 296 297 298 299 302 303 307 309 310 311 315 317 318 320 321 325 327 330 331 332 334 336 338 340 341 347 349 351 352 355 358 359 360 361 362 366 368 369 370 371 372 373 378 379 382 384 385 387 390 392 394 396 399 403 405 407 411 414 419 421 422 425 426 433 435 437 439 440 441 446 448 449 452 454 456 458 460 462 464 466 468 471 473 475 479 484 485 486 487 489 490 492 493 495 496 499 500 501 502 507 508 510 511 512
3 4
2 3 4 7
9 249
1 4 6 9 10 14 18 19 21 22 23 24 25 26 30 33 35 40 42 44 46 47 48 49 50 52 53 56 57 58 62 63 66 67 69 73 74 75 78 81 82 83 84 87 91 92 98 99 107 108 111 114 119 120 121 125 126 127 129 130 132 134 138 140 146 147 148 150 154 155 157 162 165 166 167 169 172 174 176 177 182 183 185 186 187 188 194 195 198 199 204 206 210 211 213 214 215 216 218 219 220 221 222 225 234 236 238 239 240 241 242 244 247 248 249 251 252 254 258 261 262 263 265 269 271 272 273 281 286 290 291 293 294 295 296 299 302 303 307 308 309 313 314 315 316 320 327 328 329 330 331 333 334 335 338 339 343 344 345 347 349 352 353 354 368 369 371 373 374 376 380 381 382 383 384 385 392 393 394 395 396 399 401 402 404 406 408 409 410 411 412 414 417 418 422 424 425 427 429 430 432 434 436 437 438 439 440 441 446 449 450 451 452 453 454 455 456 458 460 461 462 463 465 470 472 474 476 477 478 479 481 482 484 485 487 488 490 491 493 494 497 498 499 501 505 507 508 510 512
7 56
1 2 7 10 14 17 19 20 21 23 26 29 31 32 35 36 37 38 41 43 46 48 51 53 54 56 57 58 60 64 65 68 70 72 74 77 78 83 84 87 91 92 97 98 99 101 104 110 111 116 117 120 121 123 125 128
4 9
2 3 4 6 7 8 11 13 15
1 1
1
6 25
5 9 10 13 19 20 22 27 31 32 37 39 40 45 47 49 50 53 54 55 58 59 60 61 62
3 6
1 2 3 5 7 8
3 5
2 4 5 6 7
4 7
2 3 4 6 8 9 16
8 127
1 4 7 10 13 14 15 16 17 21 25 28 29 32 33 34 35 39 40 43 45 46 48 53 57 58 60 62 65 67 68 69 71 72 73 74 76 80 81 82 83 84 90 91 92 93 97 101 105 106 110 115 116 117 119 121 122 124 126 129 130 131 132 133 136 137 142 144 145 148 149 151 152 156 157 158 160 162 163 166 170 172 173 174 176 178 183 184 185 187 188 191 192 198 199 200 201 203 208 210 211 212 214 215 216 218 219 220 221 225 226 227 233 235 236 238 239 240 241 242 244 245 247 249 250 251 252
8 128
1 2 3 6 9 11 12 13 14 16 22 25 29 30 32 36 40 41 43 44 45 49 50 51 53 57 58 59 61 67 68 69 71 72 77 78 79 81 83 84 85 90 91 92 96 97 100 104 105 106 109 111 112 113 114 115 117 118 119 121 122 127 128 129 131 133 138 139 141 142 144 145 146 148 149 151 152 157 161 163 166 167 168 169 170 171 172 173 176 178 181 185 187 189 191 194 195 196 197 198 199 201 202 204 205 206 207 213 214 215 219 220 221 222 225 230 231 233 236 237 239 243 246 247 250 252 253 254
8 139
2 3 5 9 10 13 14 15 17 18 19 21 23 25 26 28 29 30 33 35 36 37 39 40 43 45 46 47 48 49 53 54 55 57 60 61 64 65 72 73 75 76 77 78 80 82 84 85 90 96 97 98 102 103 104 105 106 107 108 109 111 112 113 114 115 116 120 125 128 130 131 133 134 136 137 139 140 143 146 148 153 154 155 156 159 162 163 165 167 168 169 170 175 176 177 178 182 183 185 186 188 192 193 195 196 197 198 200 201 202 203 204 206 207 209 215 216 217 219 223 225 226 228 229 230 231 232 233 234 235 236 241 242 244 245 247 248 250 252
8 121
1 6 8 9 14 15 18 21 23 24 26 28 30 31 35 36 38 39 40 44 45 47 51 54 56 57 58 59 61 62 65 67 70 73 76 77 80 82 84 85 87 90 91 92 99 100 101 102 104 107 109 116 117 121 127 128 129 130 131 132 133 134 135 138 141 142 146 149 150 152 153 154 160 163 164 168 170 171 176 178 179 186 187 193 196 197 198 199 200 202 204 206 207 210 211 212 214 217 219 220 221 224 225 226 227 229 234 238 239 240 241 242 243 244 245 249 252 253 254 255 256
7 65
3 4 5 6 10 11 13 14 15 17 18 22 24 27 30 32 33 34 35 36 37 38 41 47 51 52 53 55 57 58 60 61 62 63 64 65 68 70 71 73 75 77 78 81 84 90 94 95 99 100 102 106 109 110 111 112 115 116 117 118 119 121 123 126 128
10 507
2 5 6 7 8 11 16 19 23 27 28 29 34 35 38 40 42 43 44 47 48 49 50 51 52 54 60 61 62 64 66 68 69 71 72 74 75 76 79 80 82 83 85 87 88 89 91 96 98 99 100 103 104 106 107 115 116 117 118 119 120 122 124 126 132 133 136 141 142 143 144 146 147 149 150 153 158 159 160 161 164 165 166 167 168 172 175 176 178 181 183 184 185 189 190 191 192 195 196 199 200 201 203 204 205 206 207 209 210 211 212 214 215 218 219 221 222 226 228 233 236 237 238 240 241 247 250 251 254 256 257 258 261 262 263 264 266 269 270 271 272 273 277 279 280 284 286 290 291 293 294 297 298 300 303 305 307 308 309 311 312 313 314 315 317 319 322 323 325 326 329 330 334 335 340 341 342 343 344 345 346 348 349 351 354 357 358 359 361 362 363 365 367 369 372 375 377 379 380 381 382 385 386 387 389 391 392 394 399 402 404 407 409 410 412 413 416 418 420 423 424 425 426 432 434 437 439 440 442 446 448 449 451 453 456 458 459 460 461 466 467 471 472 476 478 479 480 484 485 487 490 494 497 499 501 502 506 510 512 514 515 519 523 525 527 528 530 531 536 537 538 541 542 546 547 548 550 552 553 554 556 559 560 561 562 563 565 568 572 574 576 577 578 581 582 583 584 585 587 588 591 594 595 601 602 604 606 607 609 613 616 617 618 619 623 624 626 627 629 631 632 633 635 639 640 641 644 645 646 649 651 653 655 656 658 663 665 666 667 672 673 674 675 679 682 690 691 692 694 695 698 700 702 703 704 708 709 714 718 719 720 722 724 727 728 731 736 737 738 739 740 742 743 744 745 748 751 752 753 757 760 761 765 766 767 768 769 770 773 777 781 783 784 789 790 792 793 794 796 797 800 801 802 804 809 810 811 812 813 814 818 819 822 825 829 830 832 833 837 838 839 840 843 847 849 850 851 853 854 855 859 861 863 864 865 867 868 870 871 872 877 879 880 881 882 884 885 897 899 901 902 903 907 908 910 911 914 920 921 922 929 931 932 934 935 937 938 943 944 949 950 953 955 957 959 960 961 964 970 971 972 974 975 977 978 979 980 981 985 986 987 988 992 993 994 995 1000 1004 1005 1008 1011 1012 1014 1017 1019 1021 1024
6 27
2 3 4 6 8 10 11 14 15 18 19 26 28 29 30 33 35 37 42 43 45 47 50 51 55 57 60
9 253
2 3 5 6 7 8 9 11 14 17 18 20 21 22 23 26 28 30 35 38 40 41 46 48 49 50 51 52 53 54 55 57 59 63 64 65 66 68 70 71 73 75 77 80 89 93 95 96 97 99 101 102 103 104 105 106 108 109 111 113 116 117 118 120 122 123 125 126 128 130 133 136 139 141 144 145 146 147 149 150 153 155 156 159 163 164 165 166 167 168 173 174 176 177 178 180 181 184 185 188 192 195 200 201 204 207 208 210 211 214 218 220 221 222 225 227 229 230 231 232 235 236 237 239 243 244 246 248 249 252 254 258 260 261 263 265 269 270 271 276 278 279 283 287 293 295 297 298 299 300 301 302 306 308 311 312 314 316 318 322 323 324 325 328 334 335 340 341 343 346 347 349 351 353 354 356 358 359 360 365 367 369 375 376 378 381 384 385 386 387 390 391 392 393 396 402 403 404 407 410 411 417 421 424 425 427 429 436 437 438 440 441 442 449 450 451 452 454 455 458 462 464 466 468 469 470 471 472 473 475 476 477 482 484 485 486 489 490 491 492 493 495 496 497 499 500 501 502 504 507 508 509 510
1 1
1
5 10
1 2 18 22 25 26 27 28 29 31
9 259
2 4 6 8 9 10 13 14 16 17 18 19 20 23 25 26 29 30 33 34 39 43 45 47 48 50 51 52 54 57 60 62 64 66 68 75 78 80 81 84 86 90 94 96 97 98 99 100 101 105 107 109 111 112 113 115 118 119 121 123 133 134 135 137 138 139 140 142 143 147 150 151 154 156 158 159 160 161 163 164 165 166 168 170 171 172 173 174 175 176 178 180 183 184 188 191 193 194 195 196 199 200 202 203 204 206 207 208 212 213 215 217 221 225 229 230 232 233 235 237 238 239 245 247 248 253 254 255 256 258 260 261 262 263 264 265 266 267 268 269 270 274 275 278 280 282 283 286 287 288 289 291 292 293 294 296 297 299 300 304 308 310 312 313 315 318 319 320 322 323 329 331 333 338 339 340 341 345 347 350 352 354 355 356 360 368 371 372 373 376 377 381 383 386 388 390 391 392 393 394 395 400 401 403 404 407 413 415 419 420 422 425 427 429 431 432 434 435 436 437 438 442 443 444 446 448 452 453 454 455 456 458 459 461 462 465 468 470 472 475 476 478 480 482 485 487 490 491 493 495 496 497 501 502 505 506 509 510 511
9 283
3 4 12 15 17 22 26 28 29 30 31 36 37 40 41 42 43 45 47 48 49 54 55 61 65 66 67 73 76 77 79 82 83 84 85 89 90 92 93 94 95 96 97 98 100 102 105 106 108 109 110 113 114 116 119 123 126 127 129 133 136 138 139 141 142 143 144 145 146 151 152 153 154 155 157 158 159 160 162 163 168 170 171 172 173 174 175 176 177 181 183 184 185 186 188 189 190 193 197 198 201 204 205 206 207 208 211 212 214 215 217 218 220 221 222 224 226 230 233 234 235 236 237 238 239 240 241 242 243 245 246 247 248 249 251 252 253 254 255 257 261 262 264 265 267 270 275 278 279 280 281 282 283 284 285 289 290 291 292 293 295 297 298 299 300 304 305 306 309 312 313 314 315 316 318 321 322 323 326 327 328 330 331 332 335 339 340 342 343 345 351 354 355 356 358 359 360 361 362 363 365 366 367 372 374 379 380 381 382 386 388 389 390 391 393 394 395 396 397 399 401 403 407 408 409 410 411 412 413 414 417 420 426 427 430 435 437 438 441 442 444 445 447 448 449 451 454 455 456 457 458 459 461 463 464 465 466 468 469 470 472 473 475 476 477 478 479 480 481 489 491 492 493 494 495 496 497 500 501 502 503 504 506
9 256
1 2 4 6 7 9 10 12 14 15 16 18 19 21 25 26 27 29 31 32 35 36 37 38 40 44 47 48 49 52 53 54 56 61 66 67 69 73 74 77 78 80 83 86 88 90 92 93 99 105 106 108 109 110 111 114 115 117 120 121 123 124 125 131 132 133 136 137 138 139 140 142 143 144 146 149 152 153 155 156 160 161 163 164 169 173 177 179 180 181 182 183 184 186 187 188 191 193 194 197 198 199 200 201 202 204 206 220 221 222 225 227 228 231 236 237 238 239 241 246 247 248 249 250 252 253 254 256 258 263 264 266 267 269 270 271 272 273 275 277 278 280 281 282 283 284 286 288 289 290 294 296 297 300 301 302 304 310 312 314 315 316 317 319 320 322 325 326 328 331 336 337 338 339 340 343 344 346 347 349 350 353 354 355 356 357 358 359 360 364 365 367 370 372 373 375 378 382 387 390 392 395 396 397 402 403 406 408 410 411 412 413 417 420 421 422 423 429 430 433 438 439 440 441 442 443 444 446 447 454 458 459 463 465 468 471 475 476 478 480 483 484 488 490 492 495 496 499 500 501 502 503 506 508 509 510
10 507
3 4 6 10 11 13 14 15 17 18 21 22 23 24 27 29 36 37 38 41 43 44 45 46 48 50 53 54 55 58 61 62 63 70 72 75 77 78 79 81 83 86 87 88 95 97 99 100 103 104 106 107 109 110 111 114 115 118 120 121 125 127 129 133 139 140 142 147 148 151 153 157 159 160 161 165 166 167 169 174 175 176 178 179 181 182 183 184 193 194 195 196 199 201 203 205 207 210 211 215 216 217 219 225 227 229 230 231 232 234 235 238 241 243 245 246 247 249 250 251 255 258 259 261 262 263 264 266 268 269 270 272 273 274 275 276 277 278 280 281 282 286 288 289 291 293 294 297 298 300 303 306 309 311 312 315 316 320 321 324 326 329 333 335 337 338 339 340 342 344 345 347 349 352 353 354 357 358 359 363 367 372 374 375 378 381 382 383 384 387 390 391 393 395 397 399 401 405 410 413 415 417 418 421 423 424 425 428 429 432 434 438 439 441 443 445 446 447 448 449 451 454 459 461 465 467 471 472 473 480 484 485 486 492 494 498 499 505 506 507 510 512 514 515 518 520 522 523 524 525 526 528 529 530 534 535 537 539 542 543 544 545 546 547 549 551 552 554 555 557 558 560 561 562 565 566 567 568 570 571 572 573 574 575 577 578 579 582 584 587 591 593 595 596 598 600 603 607 611 616 619 620 622 623 626 630 632 634 636 638 639 640 642 644 645 649 655 656 657 658 661 664 666 667 668 669 670 671 674 675 679 681 691 692 693 695 698 700 704 708 709 711 712 713 717 719 720 721 722 723 724 726 729 730 734 737 738 740 744 745 746 750 753 756 758 761 762 764 765 766 768 770 772 773 774 775 776 777 778 780 781 782 784 787 788 791 792 795 796 799 800 807 808 811 813 815 817 818 819 820 821 822 823 826 828 830 832 834 835 838 843 845 846 855 856 858 859 860 861 863 866 867 869 871 872 873 874 878 879 880 884 885 887 893 896 897 900 903 906 907 908 909 910 911 912 915 919 920 921 923 924 927 929 933 934 936 937 939 940 941 943 945 949 951 952 954 955 956 961 962 965 966 968 973 977 978 979 980 982 983 984 985 987 989 992 993 994 996 997 998 1001 1002 1004 1006 1008 1009 1010 1011 1013 1015 1017 1018 1019 1020 1021 1023 1024
10 520
1 2 4 7 9 12 13 15 16 20 22 23 24 25 26 27 28 30 33 36 37 38 40 42 43 46 47 54 57 63 65 66 68 69 71 74 75 77 78 79 83 84 87 88 89 93 94 96 97 98 99 100 102 105 107 108 109 110 111 114 115 117 118 120 122 123 124 125 127 128 131 135 136 138 139 141 142 143 146 147 149 152 153 155 156 157 158 160 168 173 175 177 179 180 181 183 184 186 190 192 194 196 198 199 200 201 204 206 213 214 215 217 222 223 224 228 229 232 234 235 236 237 241 242 244 245 247 249 251 254 256 257 258 260 261 262 263 265 266 270 271 273 277 279 280 281 282 284 287 295 296 300 304 306 309 311 312 315 316 317 320 321 322 324 326 327 328 331 333 337 338 340 343 344 345 349 350 352 354 355 356 357 358 360 364 366 369 370 376 377 378 380 382 384 385 387 389 394 396 397 400 402 406 408 410 411 412 413 415 416 418 421 422 423 425 426 428 430 431 432 433 437 438 441 442 444 448 450 454 455 457 459 462 465 468 470 472 473 474 475 476 479 480 481 482 483 485 486 487 488 489 490 494 498 501 502 505 515 517 518 520 522 524 526 528 529 530 533 534 535 536 537 541 542 543 544 545 546 548 549 551 556 557 558 560 561 562 564 567 569 571 573 574 576 577 578 579 580 582 583 589 590 591 592 596 603 609 615 616 618 619 621 622 626 628 629 630 631 634 635 636 637 640 641 645 646 649 651 652 654 655 657 660 661 665 667 668 669 671 672 673 679 681 683 684 686 690 691 693 696 699 701 702 703 707 709 710 711 714 716 717 718 719 720 721 722 724 726 727 728 730 731 732 733 734 736 740 745 746 748 749 751 752 754 757 760 761 763 764 767 769 774 775 777 778 780 782 783 785 787 788 791 794 796 798 802 804 805 808 811 815 817 818 822 823 824 825 826 828 829 830 834 835 837 839 841 842 843 846 847 848 849 850 852 853 854 855 856 857 859 860 861 862 865 867 868 870 871 874 876 879 882 885 886 887 888 890 891 893 895 900 904 905 906 909 911 914 917 924 928 929 930 931 932 933 935 936 937 940 944 946 947 954 956 958 959 960 961 962 963 964 966 967 969 976 979 983 984 987 988 990 991 993 994 995 998 1001 1002 1003 1011 1012 1013 1014 1015 1018 1019 1020 1021 1022 1024
4 8
3 4 5 7 11 12 13 16
8 126
2 5 6 8 9 11 12 20 22 24 26 28 31 35 37 38 40 42 43 46 47 53 58 60 66 67 69 70 73 74 75 77 78 79 81 82 83 84 86 88 89 90 91 92 93 94 97 99 100 106 109 112 115 116 119 120 121 123 124 129 132 133 134 136 137 138 141 142 145 146 147 150 156 157 158 162 164 166 167 171 173 174 175 176 177 178 184 185 186 190 191 192 195 196 198 200 201 202 204 205 206 207 208 209 213 214 215 219 220 222 223 224 227 228 230 233 234 236 237 239 243 245 246 247 250 253
1 2
1 2
5 16
1 4 7 8 9 10 17 19 21 23 24 26 27 29 30 32
2 3
2 3 4
1 2
1 2
1 1
2
4 4
5 7 8 12