24 03 1994
12 01 1995
8 02 1996
09 01 1997
1 02 1998
2 04 1999
5 05 1993
22 01 1992
21 10 1991
14 11 1990
10 12 1984
31 8 1998
30 6 1974
25 5 1964
27 4 1954
23 3 1944
20 6 1934
14 7 1924
24 7 1914
14 7 1904
11 8 1894
12 9 1794
11 1 1694
10 1 1594
8 2 1944
6 3 1934
5 6 1924
4 7 1914
1 6 1904
1 4 1990
2 12 1991
24 11 1992
24 1 1994
12 2 1995
8 10 1996
09 8 1997
1 7 1998
2 5 1999
5 3 1993
22 9 1992
21 1 1991
14 1 1990
10 2 1984
31 3 1998
30 7 1974
25 1 1964
27 9 1954
23 10 1944
20 11 1934
14 3 1924
24 4 1914
14 5 1904
11 6 1894
12 7 1794
11 8 1694
10 9 1594
8 10 1944
6 1 1934
5 2 1924
4 1 1914
1 2 1904
1 1 1990
2 10 1991
24 10 1992