10
98 14 55 72 2 15 19 54 32 58
60 35 46 96 44 70 3 76 58 11
34 65 48 45 49 17 74 51 25 68
82 76 34 37 0 37 4 19 43 37
29 3 72 75 0 68 45 55 44 56
18 31 73 18 28 74 36 2 25 13
22 60 41 57 49 41 46 54 13 89
43 42 92 67 70 44 88 67 52 32
75 70 63 0 41 91 74 77 45 0
42 20 12 84 77 61 77 75 67 90
50
c 6 3 8
c 6 8 18
c 3 8 2
q 3 7 8 7
q 6 10 8 10
q 9 2 9 2
q 3 10 10 10
c 4 4 66
c 5 9 66
q 1 10 6 10
q 5 10 8 10
q 4 4 10 9
q 1 3 2 3
c 7 7 39
q 6 3 8 4
c 1 1 81
c 9 10 35
c 10 3 1
c 5 3 74
c 8 8 83
c 8 9 4
q 7 7 9 10
q 7 4 8 10
q 7 1 10 8
q 6 2 8 8
q 3 8 5 9
q 5 6 9 10
q 2 9 6 10
q 6 7 7 8
c 7 3 31
q 1 4 1 8
c 1 9 9
c 7 3 41
q 3 3 8 6
q 3 5 10 7
q 3 10 9 10
c 6 8 95
c 9 6 73
q 4 9 7 10
q 4 8 6 9
q 8 10 9 10
q 8 2 9 5
c 5 2 56
c 5 10 63
c 7 3 96
c 8 10 22
c 6 7 6
q 8 1 9 5
q 5 7 7 8
c 5 6 21
