11
94 461
3355
3532
-7387
-6415
2010
5026
354
1319
8737
-9797
-1727
-204
-6104
6706
8909
-9515
7848
8647
-4752
-4712
1442
6406
-1140
-7399
-952
-5896
2436
-559
-993
-1640
-2250
8429
-7293
-4800
-4476
-396
-1476
4686
1131
-7239
-7493
-6463
-8183
-396
-5507
-3987
-1038
5615
7347
-4075
3061
-9078
-2023
838
3645
5092
4195
-386
-375
4827
2887
5149
4208
-8409
-471
6718
-9908
4824
9587
7521
-9283
-329
3267
832
4808
5963
-6726
4884
-2366
9065
-4954
7655
2669
-461
-5793
-6450
4433
-6561
4472
802
-4114
-3034
3538
6256
43 39
29 17
21 4
59 57
28 27
74 83
37 67
32 59
47 46
37 85
44 46
6 73
26 26
36 65
11 88
43 59
92 11
43 12
49 35
23 34
47 67
51 19
45 67
0 32
63 5
48 55
49 8
84 13
76 32
31 3
41 50
90 57
5 15
48 64
23 4
72 50
90 46
13 27
5 44
13 22
53 80
15 12
14 62
24 75
59 25
25 47
2 61
8 42
3 23
6 21
86 51
14 17
89 1
5 93
28 85
65 59
45 66
34 0
68 88
55 51
31 81
75 32
91 60
35 30
89 57
19 77
92 90
12 61
5 92
10 36
25 45
6 19
72 44
54 68
22 18
21 49
47 35
69 8
35 43
27 38
5 64
32 42
93 88
34 65
0 59
18 24
46 43
48 67
50 30
93 14
43 0
91 56
22 44
61 23
88 11
43 5
25 24
23 31
84 18
28 31
65 13
74 92
1 50
20 30
22 60
68 13
48 8
60 48
86 65
83 52
34 5
88 32
34 80
2 23
27 50
18 44
58 18
83 30
82 52
56 54
36 73
39 23
91 11
38 31
42 78
30 46
81 93
85 70
93 27
35 47
27 1
38 63
60 24
73 63
63 0
11 8
36 67
71 62
69 72
83 35
89 81
17 85
73 19
23 17
88 56
8 72
71 89
42 24
73 54
37 32
28 60
7 24
74 92
33 8
25 90
23 7
36 48
60 4
77 20
70 55
64 39
52 34
35 78
14 28
32 80
72 61
5 72
41 65
91 54
25 57
27 93
75 71
32 91
53 2
46 27
27 56
80 76
54 37
77 86
42 41
48 59
69 86
30 32
28 83
49 63
48 79
11 93
73 62
4 92
3 63
88 67
48 61
84 41
33 56
72 58
0 88
23 77
35 64
62 12
75 5
16 51
20 71
52 19
28 84
53 6
13 20
26 54
68 43
85 60
18 54
62 92
67 22
59 60
80 56
71 20
52 77
79 92
42 67
36 59
67 27
56 43
5 30
28 60
74 9
35 54
35 75
91 51
36 67
16 80
90 83
28 11
68 69
30 37
10 67
46 2
16 34
30 69
49 68
56 31
66 84
58 83
85 27
91 71
10 44
51 53
90 53
71 34
14 90
70 3
91 55
75 43
78 85
93 20
78 84
42 5
52 9
26 34
75 33
89 58
79 50
36 8
35 51
25 42
60 65
64 3
78 24
64 24
2 63
20 41
37 32
35 78
77 63
75 15
54 31
74 57
72 46
63 79
71 29
21 51
31 38
44 45
56 43
3 33
45 59
11 55
90 42
85 73
65 27
22 41
70 56
51 3
59 91
58 87
36 17
33 18
18 23
36 83
6 6
41 1
61 9
59 72
70 60
75 18
37 5
59 60
54 44
64 33
89 62
68 1
81 32
51 0
14 12
82 65
67 78
87 66
30 19
82 26
10 3
73 87
15 66
50 83
84 13
75 55
1 68
91 39
93 66
5 31
76 90
60 90
14 12
77 89
64 57
23 16
35 76
48 1
43 78
48 80
17 63
67 69
65 42
4 47
46 27
23 58
16 92
76 17
20 75
46 58
5 79
84 85
19 48
50 61
40 69
66 10
51 12
41 50
50 56
67 28
55 77
0 22
58 4
78 77
25 50
77 60
2 61
38 88
65 82
43 42
41 1
49 84
43 44
20 58
18 8
37 74
71 18
88 67
92 11
18 64
39 82
21 66
8 56
89 38
16 55
63 47
12 32
44 14
81 80
40 49
64 4
59 93
13 84
84 52
88 49
74 16
86 35
30 25
77 51
65 22
80 39
84 91
79 45
80 39
76 67
37 40
15 46
32 90
48 46
15 16
66 44
88 40
56 81
60 13
13 47
69 26
54 5
26 63
23 73
83 68
65 56
45 92
10 46
40 58
68 78
71 92
11 77
66 27
73 60
93 65
41 37
3 56
63 39
47 39
30 34
48 3
37 34
51 51
73 63
82 10
60 61
87 82
45 66
84 72
1 15
4 49
49 0
53 51
51 73
71 11
83 57
61 56
86 48
38 38
5 49
36 54
90 71
4 30
3 8
13 64
76 3
80 63
63 73
89 38
24 362
616
-8207
-4317
-549
7174
2886
3531
-3706
5696
-8143
-9572
8434
7211
6852
-382
-2457
-1832
-8037
189
2384
2065
-2255
2581
-8066
15 13
7 16
14 16
9 11
2 22
13 20
15 3
0 18
0 23
13 18
19 14
13 20
6 22
13 23
15 21
19 1
17 9
19 2
20 4
15 1
13 17
13 17
9 16
13 6
12 5
15 5
6 15
20 0
15 9
23 11
16 0
9 5
14 11
21 8
8 10
7 2
6 10
19 0
21 17
8 17
12 2
18 2
6 3
5 1
22 3
15 7
4 3
12 5
16 17
18 4
21 7
7 2
9 6
9 18
8 14
23 17
5 5
6 0
23 8
7 5
21 11
10 8
5 11
18 7
3 23
10 1
8 0
6 22
20 13
10 7
18 22
15 17
21 1
22 12
15 22
22 22
3 10
4 12
5 14
15 13
15 10
11 19
16 19
12 7
9 6
11 12
10 5
12 14
5 10
17 11
10 11
15 11
17 9
11 4
11 16
16 7
2 6
23 20
3 7
23 13
12 20
0 21
15 11
4 1
3 0
1 12
6 8
3 23
1 2
23 3
21 17
11 19
1 6
6 14
23 14
0 10
17 13
12 18
7 4
6 6
8 15
1 21
0 11
10 23
1 20
7 16
19 21
4 1
19 22
14 4
11 19
23 4
23 19
4 21
4 2
8 18
9 15
9 4
2 10
16 16
6 6
2 16
13 15
15 3
16 1
8 13
16 3
5 2
23 0
14 0
20 2
12 1
11 16
9 20
21 3
12 5
15 0
13 14
17 4
14 6
23 15
16 12
5 5
16 11
15 10
12 11
6 6
15 21
1 22
20 14
2 23
17 6
17 5
22 16
3 0
1 16
0 6
6 20
14 3
8 6
19 2
21 8
20 4
18 4
5 20
3 9
0 22
19 16
13 10
5 10
2 3
10 21
15 7
1 23
10 3
11 16
2 10
12 5
0 14
1 17
9 22
15 10
15 18
12 7
23 9
18 17
23 7
18 7
22 16
13 17
19 7
14 19
8 20
16 5
22 6
1 21
1 18
21 19
22 18
22 8
7 19
23 22
4 0
1 0
20 13
16 3
18 6
12 15
8 16
7 15
18 11
18 16
11 16
10 13
23 14
13 7
16 3
20 16
10 23
18 19
16 23
11 17
15 23
2 0
7 5
1 11
4 3
2 1
13 12
3 18
1 16
0 0
21 15
22 3
10 15
14 5
1 12
13 13
0 7
0 3
15 8
18 4
14 0
16 20
5 8
4 21
17 5
6 12
5 18
21 11
7 13
12 4
19 16
20 15
8 0
16 17
2 7
14 5
13 7
16 19
5 20
8 14
14 5
6 17
7 5
19 14
8 1
16 6
17 21
16 9
14 8
9 4
13 3
18 11
17 8
9 14
6 18
11 4
2 0
8 15
20 17
6 5
13 4
8 15
3 3
22 0
3 17
19 13
1 12
23 7
5 7
17 2
7 3
17 10
8 22
16 16
19 15
15 2
2 20
15 18
9 6
23 2
10 13
23 5
23 13
21 11
0 20
15 10
4 1
1 22
4 18
22 3
4 4
14 22
12 16
15 9
12 4
10 9
2 21
20 17
8 20
19 3
20 9
8 10
20 10
10 4
17 9
11 15
23 23
7 11
3 10
21 6
1 15
4 10
22 6
6 0
4 19
15 18
19 5
1 9
7 1
10 5
62 436
-516
9256
-1189
8256
1079
-9432
6499
-9350
7086
-2571
24
6742
-1113
-1487
-480
-3593
-422
-2279
4516
-121
-4833
-6370
-573
-186
-379
4049
2744
2516
750
5652
9846
-1893
9561
6182
-1773
-3672
-993
8947
3125
211
-4668
3708
-8615
4060
8583
9586
-8419
6739
3294
9572
-2763
-7779
4356
-477
8794
4874
5674
-2907
6005
7888
-4546
9978
35 30
20 34
45 8
36 45
18 3
22 59
49 35
19 61
5 13
49 2
17 25
19 48
1 61
27 41
57 39
18 3
7 7
35 20
18 26
30 19
14 4
58 46
47 20
56 14
8 16
21 1
13 38
34 16
24 43
43 26
25 3
2 36
24 47
21 50
15 39
24 26
10 40
55 27
50 53
4 56
47 44
28 19
35 32
25 23
9 20
15 20
48 60
17 56
20 17
30 51
40 49
40 12
59 58
30 4
54 41
3 30
59 54
36 40
50 54
60 3
46 7
21 54
38 2
9 2
7 51
11 34
0 32
20 21
16 17
61 46
40 40
31 17
14 24
46 23
15 43
37 46
18 23
40 47
1 47
8 11
8 60
13 39
15 27
36 44
32 36
0 23
24 3
21 3
59 25
10 5
25 46
11 18
21 21
11 20
41 46
21 14
53 24
51 30
42 3
9 43
42 37
35 0
1 57
16 30
42 27
61 23
12 44
20 19
17 29
52 45
61 53
12 15
35 47
46 10
27 5
33 18
26 19
19 11
55 42
19 43
8 20
31 31
35 26
8 25
23 7
47 7
36 48
4 2
22 49
54 37
59 3
9 16
0 52
57 48
16 48
1 20
16 39
32 61
61 46
14 55
36 43
53 33
4 17
25 46
31 15
53 29
17 57
13 42
27 13
52 21
53 22
24 11
34 55
20 22
12 32
4 14
3 14
30 50
1 8
7 6
30 29
57 1
56 41
24 52
55 55
59 4
8 2
49 6
34 59
22 20
43 41
37 11
32 6
19 44
10 50
52 7
51 49
45 30
38 26
51 58
38 1
23 4
33 13
36 1
54 44
31 51
25 35
52 10
18 15
14 53
51 42
5 60
42 20
49 46
4 58
17 17
34 4
60 27
56 17
10 16
25 42
7 32
52 58
6 12
7 13
36 25
44 56
57 40
7 6
16 17
46 49
57 10
37 5
46 11
44 8
47 34
18 57
5 23
55 59
46 22
30 57
22 41
6 35
36 53
2 58
4 13
10 59
5 5
48 34
1 22
39 22
32 1
12 25
5 45
31 3
23 56
23 51
2 41
49 53
32 39
24 23
3 0
35 45
32 42
12 15
17 1
32 54
45 46
29 55
47 41
14 38
14 32
33 47
22 24
37 61
39 5
55 57
6 44
16 21
30 14
9 19
59 26
58 22
25 38
1 53
45 20
7 27
27 60
5 52
31 32
37 7
61 8
37 34
7 34
33 40
32 24
28 30
0 8
46 7
42 36
29 3
2 55
9 34
32 31
34 9
11 51
33 36
19 3
32 28
18 40
13 12
20 22
18 11
4 35
35 54
42 9
21 29
22 48
9 41
25 50
50 32
15 43
6 21
5 14
36 19
40 48
34 58
35 52
43 54
25 10
13 27
42 38
51 30
50 38
49 56
32 55
32 37
20 15
0 38
60 4
26 54
59 9
39 11
3 11
7 18
7 16
45 21
38 20
18 16
46 45
29 6
1 47
59 42
57 1
7 32
22 58
7 53
22 37
34 34
10 42
45 23
50 39
26 32
13 61
29 40
23 36
10 1
31 10
9 6
34 26
5 8
13 21
52 60
4 43
37 37
12 10
2 19
4 43
16 37
56 53
1 61
55 52
61 9
32 4
34 18
10 30
47 31
46 46
0 49
43 30
40 28
28 26
25 27
0 13
53 53
24 31
37 61
46 32
24 43
30 31
28 33
3 16
53 20
22 21
4 11
32 23
4 31
19 8
22 61
0 43
25 50
10 13
14 18
29 40
19 44
50 46
36 9
4 51
12 49
17 0
2 58
41 25
20 21
16 14
24 26
39 18
19 32
15 38
48 12
36 54
1 40
28 42
6 19
52 1
43 46
14 8
4 46
31 32
13 37
16 59
36 51
38 58
54 8
2 22
33 36
42 52
12 15
7 13
52 57
25 5
51 7
58 2
49 19
22 50
5 9
12 3
28 349
-8767
-7118
1782
8956
4288
-5706
-4425
4209
-5674
-7172
1541
9646
-4026
9247
-4483
846
4192
5461
-4622
-1348
7063
9917
-3367
-4082
-2423
-183
-6230
5558
13 16
3 4
8 19
11 20
0 0
26 14
5 24
17 23
4 1
27 16
19 18
7 26
16 15
10 20
26 24
1 20
18 25
5 17
4 14
1 6
6 16
25 9
0 17
26 12
2 24
26 12
21 14
19 7
24 24
1 14
1 9
21 26
14 16
23 21
17 13
8 0
6 12
5 24
6 7
3 5
21 10
26 10
27 8
6 0
9 9
10 13
8 24
5 11
14 15
11 0
23 27
15 12
18 9
2 13
21 14
3 23
0 17
12 1
26 16
21 23
2 12
9 3
2 19
16 11
7 17
21 11
4 13
15 15
17 27
11 10
26 13
5 1
25 4
26 2
26 26
23 24
7 20
10 1
9 10
8 18
3 27
4 21
7 27
10 15
5 10
9 15
20 12
12 21
9 24
14 2
7 9
15 16
16 5
9 1
9 13
16 14
21 7
20 3
27 0
21 12
16 3
11 2
15 14
16 6
24 19
2 2
21 0
6 11
24 24
10 3
6 15
11 7
13 10
7 14
4 6
19 11
20 0
15 17
13 13
5 4
27 19
13 25
13 1
26 2
4 23
2 7
14 6
5 6
2 17
8 20
8 17
0 1
11 9
24 18
17 0
15 1
25 27
7 25
10 5
26 19
26 21
21 21
8 16
16 19
10 27
27 16
17 27
20 20
5 11
3 3
1 15
4 23
18 9
25 9
22 13
20 14
15 16
14 11
0 8
25 10
10 6
19 8
9 1
4 25
10 3
3 12
24 5
0 0
23 4
13 23
8 9
15 16
2 22
16 17
1 20
13 6
6 27
24 23
0 3
26 27
8 21
26 12
21 21
12 18
0 13
18 15
7 11
19 27
5 5
27 6
11 3
19 15
5 18
13 5
10 19
11 7
4 2
11 20
7 2
17 7
12 5
18 5
4 22
24 3
15 13
22 3
8 2
1 16
22 4
21 25
17 24
10 17
15 23
0 3
8 0
7 18
10 11
12 22
26 15
0 5
18 14
21 23
27 19
14 20
23 24
3 19
16 14
8 24
15 13
8 3
22 0
24 16
3 1
6 22
22 1
25 4
26 22
5 11
10 11
11 10
27 18
9 19
16 21
2 11
4 2
20 25
9 19
21 16
20 27
26 3
8 3
8 11
17 11
6 0
6 18
2 9
9 10
23 13
14 6
26 2
22 21
8 5
14 1
16 3
7 18
17 11
23 22
10 5
10 13
21 0
10 23
12 21
21 14
2 25
18 19
4 19
19 21
11 24
2 17
11 18
6 25
4 26
7 18
15 3
10 8
9 11
6 24
8 25
5 21
13 6
7 27
5 17
10 17
8 1
22 23
2 14
17 11
18 8
12 15
5 10
11 5
0 6
4 16
22 20
24 7
12 22
17 17
20 18
24 20
1 10
2 27
1 22
10 24
27 10
11 16
16 0
14 10
16 6
11 11
15 14
14 11
5 11
19 23
14 6
25 5
27 12
11 16
20 7
6 6
8 4
10 4
21 0
9 12
20 10
27 6
16 26
16 22
2 8
10 18
25 25
17 2
7 18
9 21
9 19
10 23
27 24
24 14
4 26
4 2
16 177
8280
-3130
-2979
-9219
4332
5669
-862
-4990
-3558
1982
6591
-6353
6665
-6528
-7239
2021
12 0
5 5
1 13
5 8
4 15
11 13
2 14
2 3
11 15
1 11
12 0
1 3
8 11
6 1
9 5
6 8
4 2
1 15
4 12
7 0
14 0
15 1
13 11
3 3
13 6
12 13
14 3
11 2
0 7
2 15
14 12
12 6
15 8
14 10
2 14
13 2
7 2
9 6
7 6
5 0
4 1
4 15
13 5
7 3
12 2
4 1
0 5
0 4
0 8
9 12
0 12
0 9
1 13
14 0
14 1
7 0
10 12
8 3
5 12
11 6
12 14
0 7
15 8
10 8
11 11
6 5
1 8
6 8
15 12
8 4
14 2
15 4
5 15
2 1
9 15
3 6
12 3
10 2
15 12
10 11
2 12
11 1
2 7
6 0
10 9
1 10
8 13
12 15
9 14
8 14
11 11
11 10
6 14
14 9
9 7
4 5
7 0
2 10
9 15
2 2
8 13
11 9
2 11
0 0
5 2
10 5
2 15
1 4
7 7
3 7
5 7
5 9
8 7
12 12
5 12
5 12
12 11
15 7
15 12
4 10
5 0
3 12
7 14
6 14
0 15
6 10
1 11
11 8
13 3
13 2
13 0
0 2
2 3
5 9
2 10
9 13
7 14
5 6
14 14
10 11
8 15
2 6
1 8
11 9
14 10
0 14
2 3
11 4
7 11
8 6
11 4
9 2
10 6
1 0
12 6
13 4
15 13
3 0
6 5
14 2
15 11
13 13
1 12
13 8
13 1
13 4
0 8
6 10
14 0
9 6
9 12
14 5
15 12
13 6
2 12
0 5
0 14
16 316
4484
6461
2194
3590
-7634
-4073
-9744
1203
9971
4469
687
5873
-9487
6506
-9660
-4774
12 1
3 11
4 11
6 3
15 5
5 9
2 13
8 15
1 15
8 5
15 13
12 8
0 9
8 1
1 4
0 1
0 0
13 7
8 12
6 2
14 7
15 12
1 0
6 3
2 10
5 15
8 3
13 8
4 9
12 8
3 13
9 1
4 6
15 8
6 10
9 8
5 9
4 11
7 3
9 9
15 10
8 11
7 7
4 9
0 8
11 8
10 8
7 4
5 14
7 2
6 6
6 2
0 5
0 9
1 2
13 14
5 13
5 4
12 2
5 14
1 14
10 13
0 12
13 11
5 10
15 15
11 10
6 2
2 10
9 12
1 12
12 8
12 15
7 0
1 2
15 11
6 2
14 12
4 11
6 5
15 15
12 3
14 2
15 2
5 10
8 7
14 10
1 4
13 2
13 5
14 2
6 13
7 8
12 3
3 8
5 7
12 2
8 10
13 12
3 11
3 13
13 4
11 7
2 7
3 8
8 13
9 6
8 13
10 1
13 6
9 3
4 1
14 13
7 9
13 15
2 6
10 2
4 10
15 11
5 0
4 15
4 9
7 7
10 2
1 4
10 12
12 13
3 10
3 15
2 11
9 12
10 13
7 2
6 0
2 4
15 7
10 2
12 5
11 8
6 6
9 14
10 6
4 13
12 7
6 1
1 0
15 14
6 0
3 1
15 0
9 12
0 10
1 12
3 2
8 14
1 9
11 1
6 10
0 6
0 10
13 0
6 10
3 6
4 2
13 5
5 8
7 0
8 9
5 9
14 12
14 2
5 4
12 6
9 1
2 1
10 3
7 9
12 1
2 7
0 0
0 9
12 0
8 7
15 4
8 15
4 15
14 15
6 11
1 12
4 12
14 0
6 0
8 12
6 12
12 1
3 5
12 7
15 11
14 9
1 7
2 1
15 9
7 3
2 2
12 2
2 7
5 5
4 11
4 13
2 1
6 2
13 1
5 4
1 5
12 12
0 11
1 2
6 14
5 13
12 12
12 13
13 15
8 15
14 10
3 5
11 7
10 4
1 8
14 6
8 2
9 13
11 12
10 8
8 6
8 5
13 5
13 13
7 1
14 2
0 2
9 4
1 14
7 13
3 11
13 13
10 11
8 10
9 14
13 9
9 10
3 15
12 15
4 7
3 6
1 3
10 14
13 3
0 2
3 10
10 0
9 14
15 5
13 11
3 1
4 7
5 13
5 0
0 14
0 10
5 2
5 10
14 5
0 3
6 6
2 11
12 11
6 8
14 14
6 14
4 2
8 2
15 6
0 7
13 6
14 2
11 15
3 13
7 10
4 6
7 12
0 15
14 14
6 1
14 14
6 13
12 5
10 12
7 10
2 12
6 0
14 13
12 8
14 4
2 15
14 12
9 6
0 2
6 3
15 13
3 1
13 11
9 1
8 13
1 10
6 3
3 7
2 210
-2867
3190
1 0
0 0
1 0
0 1
0 0
0 0
1 0
1 0
1 0
0 0
0 0
1 1
0 0
0 0
0 0
1 0
0 1
0 1
0 0
0 1
0 1
1 0
1 1
1 1
1 0
1 1
0 0
0 0
0 1
1 0
1 1
1 0
1 0
0 0
0 1
0 0
0 1
1 0
1 0
1 0
1 1
1 0
0 0
1 1
1 0
0 0
1 0
1 0
1 0
1 1
1 0
0 1
1 0
1 1
1 0
0 0
1 0
1 0
1 1
0 0
0 0
0 1
0 0
0 1
0 1
0 1
1 1
1 0
0 1
1 0
1 1
1 0
1 1
0 0
1 1
0 0
1 1
0 0
0 1
1 1
1 0
0 1
0 0
0 1
1 0
1 1
1 1
1 1
1 0
1 0
0 0
0 1
0 1
1 1
1 1
1 0
0 1
0 1
1 0
0 0
0 0
0 0
0 1
1 0
1 1
1 1
0 0
1 0
1 0
1 0
1 1
1 0
1 0
1 0
0 0
0 1
0 1
0 0
0 0
0 1
0 1
1 0
0 0
1 0
0 1
1 0
1 1
0 0
1 1
0 1
1 1
1 0
1 1
0 1
0 1
0 1
0 1
1 1
0 1
0 0
1 1
1 0
1 1
1 1
1 0
0 1
0 1
1 1
0 0
1 1
1 1
1 0
0 0
0 0
1 0
1 0
0 1
0 1
1 1
0 1
1 1
0 1
1 0
1 0
1 0
1 0
0 1
0 0
0 0
1 1
1 0
1 1
0 0
1 0
1 1
1 1
1 0
0 0
1 1
1 1
0 0
0 0
0 0
1 0
0 0
0 1
1 1
0 0
0 0
1 0
0 1
1 0
0 0
0 0
0 0
0 0
0 1
0 1
0 0
0 0
0 0
1 1
0 0
1 0
1 1
1 0
1 1
1 1
0 0
0 1
84 482
-4527
-8776
-8436
4057
-8709
3383
1367
-4863
6932
5704
6706
-3739
-6293
6872
-577
-2150
3378
4978
-8523
4520
513
-2766
-2598
-7129
-4304
-7263
-838
748
-8911
4400
-3238
307
-5557
-7070
5984
6329
-7638
646
9999
-7630
-2305
4781
5349
2678
-3696
9357
-1830
7622
-471
5106
-620
-8763
-6024
6950
7229
-4761
-9308
7936
9242
8513
6613
52
-6701
1254
2074
-4768
-6915
9279
2513
-5213
-7647
2634
-9654
5754
2660
3373
3336
2001
-813
-9839
6243
-6868
4647
-1584
57 9
68 49
6 62
55 31
55 56
2 61
72 80
37 35
3 26
67 5
72 54
48 12
9 19
8 51
8 41
21 53
7 34
26 69
38 81
39 83
34 42
22 39
75 22
72 61
74 36
72 34
8 37
63 66
41 27
30 17
38 48
72 35
53 36
55 40
35 11
36 57
68 21
24 66
35 27
49 9
34 6
59 39
42 76
78 29
57 60
0 6
46 59
21 63
76 69
1 76
42 35
26 61
6 26
26 33
20 77
73 50
14 14
5 79
64 34
82 50
67 81
64 18
19 20
37 82
14 49
21 65
12 72
13 68
16 27
12 33
7 1
20 18
12 11
5 70
28 81
13 36
33 11
0 50
27 30
57 6
24 36
57 65
37 6
12 18
82 34
79 12
17 69
38 55
47 83
29 30
3 1
28 22
32 60
25 14
48 70
49 19
57 29
35 56
13 70
6 36
70 22
39 12
4 83
66 20
26 76
32 40
74 14
63 31
73 66
38 57
58 22
17 34
43 81
42 65
51 2
58 44
52 14
2 36
50 64
2 46
61 51
22 60
64 22
27 30
34 49
26 72
77 73
12 81
35 5
81 81
39 77
78 33
32 79
79 51
14 45
38 82
74 55
64 52
29 25
10 65
51 61
12 56
26 17
67 3
34 72
82 54
68 45
0 31
72 62
81 61
54 8
47 78
81 64
14 16
36 77
34 3
73 44
14 14
80 28
77 53
79 6
77 32
33 23
8 24
21 20
74 32
21 75
2 25
51 60
55 43
65 0
27 32
55 37
72 46
18 43
51 20
16 44
60 62
65 71
32 31
70 58
8 28
12 56
26 22
54 17
47 54
25 15
61 61
21 57
5 34
44 41
57 76
38 68
25 78
49 0
39 14
16 71
32 75
36 19
5 62
28 77
41 15
76 79
54 12
77 13
64 2
21 29
15 4
58 47
59 7
61 51
54 39
76 44
32 68
20 62
64 42
21 2
49 34
73 24
40 44
2 10
24 40
13 45
78 53
17 34
5 72
12 23
50 48
54 33
61 46
62 80
80 29
53 46
35 50
71 79
63 69
40 34
27 33
67 18
48 45
68 29
53 17
39 4
0 2
71 0
61 40
21 5
44 54
26 4
44 46
18 38
35 23
34 81
59 79
40 36
55 76
11 0
1 4
21 78
26 56
48 71
10 81
33 0
30 8
11 21
47 79
61 18
76 13
20 51
43 41
33 34
33 1
79 20
39 22
71 71
63 46
65 61
33 5
15 78
68 41
52 53
46 68
52 13
37 51
48 71
39 3
47 4
25 10
80 44
22 74
20 8
47 66
2 13
46 26
31 51
77 53
14 65
5 4
72 21
79 61
65 29
12 39
37 82
5 8
1 43
54 82
29 46
58 46
81 3
32 0
66 63
3 38
20 27
23 33
0 78
71 12
64 56
6 27
73 17
49 83
79 42
69 52
18 55
27 71
26 63
63 61
56 55
83 37
45 13
14 54
46 18
55 50
78 5
44 38
31 9
30 34
6 2
62 20
34 64
75 56
31 14
71 82
59 24
32 47
72 6
6 12
63 63
80 37
2 16
10 62
14 47
25 69
44 20
58 12
34 77
3 52
55 74
47 15
47 45
66 36
17 82
23 58
46 59
13 43
3 65
17 41
2 43
6 69
64 28
50 60
1 61
45 31
79 46
43 66
60 60
47 65
37 8
82 62
28 6
1 7
72 36
71 46
31 24
17 70
58 7
64 47
36 45
17 64
16 40
36 34
45 30
53 50
23 42
9 74
3 18
30 55
71 2
78 2
19 26
70 3
14 24
51 49
54 73
83 73
43 61
13 7
78 29
0 32
73 50
33 45
8 21
11 19
3 6
71 74
55 43
33 26
11 36
72 20
5 1
27 63
23 53
73 8
32 71
8 17
6 33
73 16
64 20
55 7
52 52
35 51
11 66
35 1
82 78
68 15
66 70
32 59
28 75
4 31
63 83
65 7
40 27
78 7
7 45
1 75
36 36
22 57
2 41
26 13
43 27
67 33
50 0
49 3
70 54
55 83
45 67
36 23
36 7
73 20
81 3
24 83
19 72
27 68
61 53
46 6
23 82
44 49
70 81
9 75
31 70
65 38
81 29
5 42
49 21
4 64
67 15
43 40
15 11
15 80
10 53
6 2
5 20
80 19
37 206
2069
1168
4414
6959
-799
-5830
-8603
-3545
-5548
-9886
-4902
7679
5926
1251
-8043
-4655
210
-1884
-140
3589
1186
-3118
5211
914
-1507
-7087
2139
2817
-2755
-9800
2615
7137
2669
9216
7700
5238
-4095
18 15
31 19
27 20
16 25
13 33
22 32
11 35
7 5
31 2
25 32
12 34
10 0
23 8
17 31
33 8
32 8
31 28
6 2
3 3
22 0
16 23
28 30
10 1
25 33
9 22
36 33
32 17
33 27
17 14
6 22
28 13
0 11
2 8
3 29
6 2
13 31
23 24
29 2
13 24
27 26
2 30
22 8
0 31
22 27
18 8
7 23
35 14
10 30
3 35
12 24
1 27
11 22
21 0
21 0
2 9
32 27
8 31
16 12
8 16
14 14
9 15
14 10
3 19
22 17
18 0
15 12
19 6
16 36
8 29
8 21
12 35
22 33
26 17
2 7
27 30
1 29
17 28
19 23
31 27
22 24
0 17
13 36
16 21
20 16
31 32
30 35
26 11
8 6
16 27
9 35
23 31
8 17
30 9
3 8
3 16
21 1
1 33
8 12
12 6
15 10
17 31
7 1
24 2
9 24
0 32
25 11
19 23
6 33
19 11
4 4
22 15
36 28
35 3
30 20
1 26
31 25
14 29
30 27
13 23
29 27
3 20
16 0
30 8
9 31
5 28
3 16
13 7
8 7
22 27
8 30
35 36
34 4
22 20
14 15
33 13
15 10
13 21
26 24
23 23
22 21
5 30
12 5
11 3
3 16
20 33
10 8
14 24
27 27
7 28
19 12
20 24
15 16
31 33
32 24
14 20
28 35
15 15
25 28
28 11
30 34
5 3
22 26
34 14
23 26
11 30
22 17
13 16
1 9
5 31
12 28
8 16
31 24
18 18
36 33
10 17
31 17
4 17
35 29
16 13
30 10
11 18
32 13
19 28
2 8
20 27
17 13
32 19
30 23
33 24
16 13
1 25
24 25
22 19
6 23
2 15
11 2
13 14
35 14
7 31
27 5
15 11
32 15
12 9
28 1
4 22
6 24
81 351
-5984
4345
-4382
3374
372
7370
3808
-230
6509
4706
9318
4713
7784
-2213
8121
4318
-7309
1046
9835
-7226
-7770
7366
-6325
-1670
-9374
8101
8875
643
6096
-5257
-3155
2559
-4723
-5521
9462
3573
-8797
-9991
-5936
7165
2255
-5725
580
4141
-3845
1573
3845
1182
-9358
-7030
-3968
-7890
9703
2570
4298
-3443
6884
-3119
-5401
-1220
2557
143
-7282
-3537
-1941
8263
-539
-9560
4060
-5944
3819
-9166
2581
740
-6711
-6383
-899
-8678
-7259
643
8624
22 33
65 63
19 11
70 76
36 31
63 55
5 51
4 52
74 15
53 34
13 5
23 2
4 9
55 50
29 45
8 43
61 41
32 0
43 31
53 41
0 20
50 7
0 37
11 29
68 20
9 51
56 38
74 9
5 14
2 63
44 53
72 41
4 5
5 33
69 40
3 72
66 47
57 65
15 2
33 34
64 46
69 14
56 61
15 62
38 53
25 62
10 30
47 11
43 48
49 27
56 50
22 79
25 12
45 71
52 56
52 35
13 60
12 11
27 33
21 19
54 31
9 80
35 71
41 42
44 17
42 36
49 60
54 64
33 69
63 59
45 48
68 72
34 24
14 71
54 66
53 38
43 13
54 0
7 73
32 13
59 71
23 68
43 51
70 41
68 40
76 5
6 5
76 19
29 34
52 69
9 80
44 79
52 12
21 53
52 68
51 48
23 52
21 53
6 14
26 5
2 12
78 2
18 70
15 64
28 55
39 76
67 33
39 17
33 60
18 25
24 47
9 79
27 34
24 13
34 10
30 74
29 45
74 49
59 67
19 59
28 69
28 61
6 10
21 57
24 40
52 20
40 54
77 68
39 54
27 33
26 10
47 7
14 47
63 37
64 6
52 17
26 12
47 54
71 13
17 29
2 42
44 51
10 31
69 65
59 65
52 22
54 27
50 78
10 17
70 51
27 31
67 51
48 61
7 53
64 21
18 40
71 22
47 57
56 73
42 64
10 66
34 30
10 15
59 40
0 2
52 49
77 2
19 28
26 38
61 8
20 52
3 68
32 43
45 51
18 25
80 43
29 53
20 18
71 33
74 74
4 26
37 51
18 64
45 54
76 54
77 7
72 21
15 19
10 9
39 28
26 7
11 67
23 33
51 39
27 23
8 35
54 80
24 38
74 48
2 34
0 75
65 18
26 2
13 41
79 55
9 51
41 3
36 63
67 62
57 34
59 57
38 46
17 31
5 11
78 52
18 19
53 80
11 23
49 71
32 69
41 79
67 0
71 48
40 9
52 30
6 30
36 77
80 45
78 46
12 39
73 76
47 79
11 39
51 31
20 74
54 16
20 65
78 16
50 74
80 30
40 74
49 41
49 5
74 56
44 61
42 65
64 56
73 76
63 66
62 67
4 35
51 3
21 31
69 17
16 20
14 64
44 77
12 67
20 53
45 17
21 51
44 47
50 17
2 50
35 44
18 73
21 80
0 3
21 60
78 68
68 19
60 20
62 17
20 25
53 11
19 63
69 62
50 24
1 31
76 67
62 30
33 46
12 4
73 63
28 47
79 11
52 55
20 2
51 34
73 74
11 61
8 71
75 20
73 79
56 13
50 22
33 66
59 44
19 42
76 67
1 2
13 70
34 14
34 54
1 19
7 8
9 9
55 34
14 77
60 23
48 26
74 7
64 57
13 69
42 14
12 50
31 68
5 25
17 67
62 13
61 68
35 54
44 5
43 65
19 58
18 53
26 33
77 1
41 14
28 17
41 35
18 67
11 31
72 21
25 45
34 33
57 79
56 70
61 7
57 79
18 77
28 4
66 66
78 65
64 64
62 75
61 40
69 46
42 41
30 38
49 36
10 0
0
0
0
0
0
0
0
0
0
0
