128
53
3005 18979 63
23 1203 34
1491 1893 55
1122 6434 16
17777 19277 27
13655 15380 50
8662 9235 31
4061 8791 35
5273 6587 60
11474 17618 44
62 12075 19
3829 13322 80
1536 12110 93
8689 9818 78
1730 6374 75
6376 14850 35
969 8195 96
3766 16091 10
10583 15741 62
17276 17522 83
3677 10789 37
17366 18854 27
1886 6557 64
1323 17642 43
1976 4214 17
2854 4350 94
4669 16499 3
4870 14623 22
7492 10768 1
8095 18481 36
833 5251 62
6416 15033 57
3445 18406 44
9681 10097 93
6446 19978 10
8649 11203 64
16089 16157 84
7658 8845 39
6468 12927 3
4304 7346 6
5042 13174 49
781 13253 31
6571 11507 53
5647 13819 65
9606 9607 67
14103 16338 77
13989 16319 38
554 10422 14
12877 13780 14
4771 15777 36
533 8148 80
10897 14406 74
17101 18928 81
28
2700 18486 13
15162 19072 85
773 7565 29
10079 16018 47
8632 9908 59
5210 6097 65
8919 11041 20
1021 19530 68
7719 19673 66
327 1889 79
5069 5661 55
5382 14988 44
12892 18388 41
4849 18649 4
4142 15310 30
3633 6650 55
15457 19996 77
7582 11109 4
2998 7280 69
6984 18423 33
3508 17462 57
7812 10573 22
9634 15787 86
12462 15102 24
3204 19527 84
16084 16731 22
4391 10539 66
1913 18645 68
57
6597 16685 70
10684 12499 50
11577 12965 58
15315 17919 83
4464 17450 21
7976 10305 73
9912 11214 86
11907 13836 53
17701 18283 26
2015 7948 44
5402 16157 67
6567 9387 72
4742 18525 80
1288 8901 52
2080 17364 20
13643 16044 23
4659 8609 34
17643 19809 52
12705 19217 77
6223 19448 67
7852 11342 42
1833 3956 59
7719 16626 20
6142 9524 83
9328 16138 40
8627 17281 60
5322 18087 31
3284 6344 88
1884 5817 39
7674 14919 38
9089 18925 19
15039 16531 80
1678 6003 56
434 2157 24
12450 19680 96
4348 15399 58
6222 9035 61
14863 19557 98
1795 18283 57
1623 17819 19
13014 15536 60
399 8160 41
11438 19303 22
11347 15062 14
4400 18276 35
14496 17171 68
16085 17626 79
7857 9938 90
1166 12470 10
2517 16733 96
9700 17271 32
8466 19457 68
2072 19159 5
8617 14988 80
3487 10066 40
19627 19628 75
4925 12927 22
87
6463 17837 30
1974 8300 15
17815 18666 63
1140 4081 80
12067 18469 42
13680 16449 38
9990 16722 30
10424 13148 32
587 1196 98
1087 14649 32
17945 18744 13
6629 11168 17
1628 11414 6
5649 8070 100
6177 19283 79
2617 8001 81
9815 16865 10
2357 2463 72
4388 5404 36
2045 9422 17
16880 18399 94
5496 15448 99
4213 14102 41
3038 15443 32
1719 18198 92
2113 9819 79
12964 14565 10
6503 8123 3
12348 17420 90
4201 9592 15
134 15362 96
9850 11876 81
4340 14318 22
6840 16867 58
479 11281 24
11130 18961 64
4419 7711 61
8231 8837 29
12116 13500 92
6327 10942 79
8883 17941 16
1992 5947 17
6068 11462 55
10295 15519 16
6785 11997 60
2191 8380 51
4129 17961 35
2624 11759 59
3099 17750 97
6495 10149 85
9636 16566 26
7312 14794 59
3270 10999 66
1590 18205 36
4587 13610 16
5130 13847 40
1976 19154 61
6913 18442 40
13469 13546 75
10377 14138 50
3803 6464 60
5863 9741 66
226 2731 82
3280 11184 18
1040 4456 36
17271 17776 6
11304 17987 79
13557 17203 33
16111 16534 47
4813 13159 24
2986 4355 57
3156 13011 92
1281 18108 9
932 8195 39
315 18346 30
1377 9460 59
6528 12669 92
4293 17378 83
811 15595 11
447 7934 7
9639 14185 87
2838 3054 13
14731 16912 84
9409 19165 20
4328 16816 74
3841 17340 6
6027 11217 46
9
635 16871 38
5226 14807 90
458 7170 98
1623 17964 27
8505 13465 88
13023 14861 64
8154 12150 51
11247 16760 78
8568 17382 93
47
3187 15092 3
778 18092 13
5234 14352 31
2732 4529 33
7396 18332 14
4302 14564 1
3187 4137 10
1721 16392 93
12265 13546 43
2003 3612 32
1606 17209 57
16245 17742 46
6605 8737 83
12846 16725 87
7154 14778 34
9881 11461 20
13970 19078 65
1944 6114 32
5632 5734 22
9155 11287 50
5471 6654 69
1976 10629 16
1349 16432 43
2414 9887 64
10312 19891 77
1171 15166 87
2948 6768 87
4112 17382 74
1816 8339 34
13538 17070 26
6807 18410 14
1455 17852 45
3092 9421 34
10304 18667 19
5109 13083 36
7638 8583 81
7016 19234 40
6654 13083 25
10523 16391 43
4791 16662 49
7481 16940 93
692 7847 74
9838 11630 65
10465 12890 87
10645 17932 35
13464 13492 12
11971 19359 61
24
11013 19369 37
7719 13330 37
5738 16990 56
6350 15966 76
5360 16909 99
7681 14806 31
232 18030 53
5744 18644 54
593 6638 63
5955 11571 28
1232 1992 25
9018 18465 71
3508 4716 31
39 19285 34
1712 15601 67
17060 18828 97
11707 13139 91
5821 8552 35
8492 19432 5
2837 19803 37
10958 13939 82
2252 8203 80
3045 3695 89
8208 14954 4
89
1867 12559 58
289 9382 38
7660 9419 49
2332 12955 71
7133 19042 88
1995 2785 70
188 441 23
7892 14240 65
6618 6911 15
1192 14079 63
75 18685 61
8041 19094 18
1861 17461 20
6962 17765 1
11032 18598 69
9676 9805 3
2074 11163 3
9332 11810 76
17818 18062 20
9770 16620 99
2702 9351 79
11777 18761 79
1829 15465 2
12090 16912 70
8391 17974 15
2441 14256 8
3469 11985 83
7370 12687 40
5969 10714 28
2179 14878 54
6871 13250 86
10693 17625 90
14961 19910 1
3388 14755 71
4551 17047 88
11313 11396 87
6562 18202 51
295 4655 53
11664 18879 92
6483 8733 28
17941 19542 66
4961 8946 87
357 5330 79
12324 17140 82
2319 8563 46
9689 11388 80
8876 19446 2
820 11503 80
6973 9799 47
5718 9548 72
9282 18316 44
4286 7086 76
5925 12036 90
1753 16144 6
8819 14608 75
10813 19555 95
1351 10596 86
9051 15020 35
1191 12434 66
1765 15011 55
3584 9764 84
3647 19798 28
7786 7885 20
799 2708 14
14123 14230 24
4893 6856 83
10051 10666 1
13336 19915 77
10047 12422 80
6845 14219 50
11282 12089 41
16257 18404 100
3095 6520 99
5600 14231 32
368 8700 9
7288 12930 86
5427 11757 42
9444 12240 98
7371 18127 68
16517 17291 75
429 17475 76
2966 12022 62
9953 13025 46
5019 6138 80
12566 18039 2
18627 18731 63
6509 10052 30
1752 14038 23
1013 5203 88
6
6688 18266 59
1875 15259 11
5977 18291 40
890 18725 97
12855 14772 4
9781 16246 9
50
11007 19426 21
1348 4765 88
1309 18513 45
6445 10784 100
12557 18734 28
18250 18886 48
9441 19686 69
4737 7221 14
4133 8481 92
6854 13290 49
5285 12141 34
1069 8832 81
16962 19056 37
15900 19947 26
4745 17236 39
5138 18886 72
13753 15301 78
2265 12112 27
5565 7109 30
8354 16788 47
7659 19327 57
9396 15251 8
8063 11524 92
8566 8934 89
4082 10673 49
10791 14719 41
2028 9924 7
3400 19739 76
11385 16540 88
1757 18978 87
2654 15534 41
11809 13332 57
12139 12203 19
9839 10402 17
5175 19237 21
1486 18683 3
10767 12599 96
5072 13967 44
9036 14543 98
11787 13388 11
11549 17155 44
943 11230 17
2568 8201 22
914 2566 82
13860 14585 65
4807 18176 79
48 17879 64
4724 14510 74
12438 15758 54
1867 18135 84
92
4971 14201 53
4434 6469 38
3535 16685 19
13327 17809 63
2159 18549 22
5746 18137 2
6341 17403 1
9168 18939 57
13885 16848 7
11101 14682 25
2463 9956 57
10850 18138 72
724 17375 65
2444 9304 86
3437 13856 55
206 17489 59
1469 15121 31
4797 9469 88
5459 18850 6
544 18704 49
622 4476 75
9139 12758 96
4408 8629 53
12948 16739 74
15772 19860 11
11631 17573 72
18547 19135 13
15134 19980 66
6254 19630 2
1625 15989 75
1075 11706 13
1589 11990 95
7202 9426 11
11093 17110 32
7207 12750 84
3697 16863 38
14350 16231 64
456 4996 13
2865 15500 4
2769 15084 15
6530 17539 17
2958 9783 58
7038 15038 78
4533 19274 58
10038 10115 27
6432 9578 82
2042 11124 44
2041 14036 94
9010 16047 84
3989 9604 67
3123 19664 62
2125 17499 70
1856 10615 40
14689 15148 6
2998 3295 48
10793 16008 23
9307 10752 67
2294 13064 15
1798 7632 82
10784 12078 72
13479 18886 33
2317 18070 69
1859 5531 12
8693 13991 96
10872 13261 85
8672 18575 79
6887 16639 2
605 15825 22
828 13923 98
5439 13873 84
14714 19968 74
4799 17238 60
15589 16146 90
10598 14476 9
13993 15347 29
7858 16876 92
10031 19569 15
1452 16504 1
1971 8016 49
6892 11011 5
6081 17852 26
7799 12601 81
638 17470 12
1879 16968 27
4089 4406 87
7618 17547 36
1170 16735 27
2356 11179 9
2852 12406 65
10724 16050 6
1949 17950 26
2174 10922 47
57
9001 12728 47
316 2903 74
370 11488 48
11315 15947 91
8348 19957 51
10807 13356 88
13956 14403 41
7477 12794 8
13935 14020 74
6154 14569 5
12992 18627 30
2664 16769 39
6273 11637 15
13291 17461 23
11448 14229 26
9581 16822 7
1723 5154 7
14781 15934 45
9044 13872 44
6748 6934 60
6219 14230 62
1452 5064 63
2938 7483 83
15900 16768 48
2520 11177 97
4732 16487 85
18440 18702 76
15666 18912 37
2793 6378 22
4027 5820 65
3449 10575 88
3169 17648 9
1666 13659 40
4684 18303 47
12717 16726 13
5180 6461 89
14720 16493 81
10983 14506 65
1311 9334 70
5528 18369 99
3527 16247 57
16680 19959 23
7445 9646 2
18803 19121 67
2828 16740 82
7292 11995 48
2251 12906 67
2402 10556 82
8558 14159 11
16306 18139 10
7928 12168 97
6562 12897 7
4564 8916 36
15980 18169 8
5206 9480 49
13256 19750 57
17402 19249 71
15
14455 15158 59
7705 13243 40
4312 7137 60
10939 17796 18
650 12540 80
4144 19931 79
8975 12086 91
5916 9475 23
6556 9963 30
10036 11407 74
11959 19605 33
11842 14431 69
2698 6783 58
1698 15701 88
13798 18142 19
88
7838 8116 64
2894 15925 77
10877 15362 8
6655 11811 61
4971 10441 78
6550 18624 9
9587 18981 87
1836 12949 50
1104 7553 73
5143 5581 4
455 18337 80
1343 7597 74
1021 11008 19
1405 11495 27
1752 2650 48
11709 19471 51
204 12624 54
1528 16678 16
14673 15203 47
2991 16887 12
1162 8747 26
1578 16470 59
13172 14804 44
2712 16943 67
2566 11675 67
4984 11253 70
9729 18885 88
17676 18165 38
38 12247 50
125 16491 74
9717 11704 9
4109 6879 76
7128 14628 49
3241 8310 53
7799 9387 33
18198 19882 80
2458 6911 71
3147 15124 1
9619 10006 92
3772 16405 41
13004 15848 65
6180 14209 24
2757 8544 51
1545 8335 16
382 2121 15
10620 12166 48
16369 19492 78
10497 17913 29
9630 10481 18
3022 19906 83
15530 17374 51
2820 8141 22
6201 8822 99
3996 9429 75
3948 13229 60
3608 11705 10
3866 14873 17
9741 9761 76
6945 8802 61
11172 16338 73
8455 8962 34
201 5777 99
9651 15298 40
147 14256 36
9633 17347 92
2903 10458 55
16551 16779 96
13816 14032 97
11883 16696 68
10280 13354 38
14198 18898 82
1574 5770 58
9993 11474 55
463 7888 88
665 15233 17
6632 11810 6
18443 19342 96
10454 17859 60
11111 11782 36
3822 6114 25
2755 10281 50
9357 9968 39
10618 15769 9
457 10491 99
9783 14296 31
9888 10290 90
17211 19562 13
5086 6214 70
27
1341 12504 42
1607 5305 55
6401 18184 57
7185 7333 2
9546 11701 56
7793 7990 64
3517 4744 64
11619 19442 32
11450 18802 38
1685 7517 9
4530 13268 87
9376 12210 88
138 9329 31
7197 18736 40
14206 19958 55
7976 19692 61
3227 8261 87
3705 5189 81
4713 10982 40
11463 14577 29
7437 14679 76
1716 5949 22
10758 17855 62
5402 6661 66
1780 12906 61
5133 7949 80
1093 6352 18
4
10811 14510 21
12646 19105 31
5136 17147 40
4707 11379 52
36
4121 18447 59
2388 18453 10
4276 11489 7
2825 15886 96
2374 18025 91
4542 14573 29
3319 19414 66
1809 14255 85
12112 16600 34
2065 2525 44
4453 10063 68
9883 12486 96
8790 17701 86
10093 18602 24
8048 19526 92
3968 6262 17
9066 10174 66
7982 12350 63
4020 10606 70
7740 10210 37
2343 8789 90
3753 17861 92
2668 9285 69
7952 13307 16
14070 18391 15
6854 15236 15
15293 16823 22
3156 8452 18
3868 7562 29
11082 14412 84
13731 18664 90
11052 15855 26
7087 15336 56
455 12827 27
1548 16336 21
2158 17267 94
81
5876 16350 8
14573 17400 10
11998 19452 90
2244 9422 97
5950 6696 65
455 9815 55
2663 7742 94
3318 5748 84
3037 6494 7
3063 3828 40
8149 16846 68
16144 16707 27
12431 13641 35
13436 14465 48
950 19740 87
3497 17283 44
7370 16922 86
6303 12652 64
2903 19773 20
4701 11065 91
12737 14184 73
1182 15202 53
4952 14540 5
6000 10330 20
5896 13946 57
10043 12557 32
6046 12993 44
3384 10750 26
1184 1881 6
2261 19249 22
4634 7379 61
9900 10653 81
8987 10724 56
14524 16207 15
6781 9473 89
3508 8300 23
10474 16134 28
38 5652 69
3930 19252 19
6921 10281 7
362 18979 99
2029 14225 66
5488 7754 5
449 18337 31
11518 16414 41
10933 18295 45
12028 18380 86
2532 5879 32
6612 16304 100
890 13245 6
4975 12155 9
6557 9085 13
2513 8061 30
7570 10428 2
3142 15135 2
6059 17214 14
1983 18359 10
11693 17954 34
991 1195 74
558 19078 92
2245 14673 21
15262 16459 1
5534 15796 97
8025 19531 75
2819 12994 37
6048 16688 8
261 12615 51
2250 14630 53
4072 10785 90
10495 17269 47
8971 11291 94
1253 1621 34
2851 14954 15
11665 18285 7
16010 19712 33
12764 17283 43
1319 4817 9
745 10716 64
3517 9629 43
2842 14013 56
9205 19050 9
38
4236 8760 41
5893 7400 54
87 7823 20
1029 14354 89
486 7497 51
4234 10099 32
1759 9296 48
1543 15375 10
156 13294 70
4867 6036 88
6072 11094 62
13679 17760 66
5363 7289 38
1482 4688 45
6660 15247 76
10998 19431 33
7275 7306 56
2469 18834 89
12099 16649 3
10030 18432 6
1619 19020 75
2908 13158 52
16883 18645 86
5277 12964 61
2505 14552 37
319 11320 69
1575 13539 92
9798 19261 21
7619 7899 15
7155 7423 88
161 13520 17
13365 15177 79
6739 15045 72
5124 14269 68
2417 18530 51
2110 18001 52
6397 13095 90
4204 11772 95
88
5982 12921 88
2186 12391 62
8917 17182 40
4481 8671 67
7018 18529 65
245 2526 87
1645 18765 8
1808 7457 72
8889 19908 87
10938 15105 97
6131 12125 27
9042 18358 77
14444 15246 9
8771 15906 80
8616 16117 84
18389 18583 76
1688 11314 96
3719 11897 23
15656 18513 4
8131 17339 56
5761 11238 3
10814 18314 14
13907 15458 62
151 5456 3
5821 12429 10
217 13414 88
5261 10849 94
2132 4484 22
1568 2851 93
7727 19960 4
6161 18033 98
5274 6798 47
11324 17740 43
2518 10818 2
2176 10391 13
3207 16258 83
2435 6546 75
7278 12290 8
2669 14067 45
16380 18993 28
8877 18376 7
2683 17946 37
10175 18221 35
9501 13430 18
3679 10176 42
8692 14598 38
12817 19145 41
113 4135 63
1170 15179 61
8827 13986 8
7156 8538 13
1614 14936 77
6731 16299 71
1398 13477 36
7838 17346 35
1334 6767 79
3759 4250 23
9315 16441 27
944 6061 17
1722 19458 39
1512 18292 24
2236 14412 53
4555 12241 5
11815 14862 55
472 1862 96
6584 17240 54
3651 8799 32
8478 14794 95
138 13515 82
16728 19557 39
9577 14502 40
4949 6869 25
4642 15733 10
8615 9053 15
636 7076 82
3543 10721 65
2257 7352 26
6739 10817 28
3174 6470 14
14010 18281 30
263 9593 50
10661 13897 40
1885 13683 18
15008 19809 41
9060 9664 71
1950 12317 15
6154 12951 62
168 3664 20
12
14376 17400 91
17916 19456 88
14431 16440 8
3866 14752 54
5725 19525 71
6333 14179 61
7698 13986 45
2512 12540 86
7194 12028 96
3587 4828 27
10230 15230 10
10038 14496 71
79
578 14099 15
9025 18407 95
10809 11400 52
5831 9390 17
10592 12583 85
12206 15048 46
9190 19635 14
15600 16007 87
7688 19055 46
8681 8772 4
6345 12207 90
6182 18071 80
15776 17545 37
5249 13285 31
1700 19660 32
3159 8074 55
13462 17055 90
9813 19983 60
5333 6878 80
14662 17577 67
5529 19705 84
9023 14818 61
18591 18774 37
2873 6951 14
2953 11398 25
6207 18488 95
2940 4284 49
13473 16695 35
2914 12431 80
19 5737 9
7517 15392 54
3290 7619 33
4530 15820 88
7209 12145 92
10954 16182 73
8628 13027 4
3108 18514 51
11997 13087 27
39 11385 99
9265 16253 25
6495 17421 2
1766 4525 26
690 6177 4
91 1350 43
16110 17737 17
8471 10359 80
12069 16787 65
10633 12851 91
3336 4778 24
2874 5035 16
12655 17688 34
9138 11687 96
10035 12471 79
4844 8019 3
14779 15635 16
5305 5820 41
7611 13054 6
11460 13001 36
13028 19299 72
15506 18889 39
2488 7316 36
4035 8361 23
1350 11617 74
3200 11707 79
9315 18508 21
11200 17161 52
10351 14800 95
1890 11355 79
3799 19449 22
1453 6645 48
5868 13255 64
16436 19535 28
12964 15869 75
2666 8645 11
8254 17210 41
8629 16312 69
12135 15167 63
8724 12839 66
14258 14911 2
49
16021 16762 72
3606 13604 96
9719 13120 16
3710 11439 78
1485 14917 98
6624 11653 93
3607 16903 12
10338 15244 17
3035 17373 75
15068 18643 22
10617 19374 58
3079 7141 16
10290 12059 14
12452 19976 22
9129 12347 46
1004 14602 76
7460 7497 84
4767 17311 24
12293 14200 13
5403 9595 34
6739 13901 45
9786 11987 51
10378 14912 90
13180 13589 72
2977 7274 62
963 12473 75
6423 10570 7
6206 11882 97
6070 9559 3
940 17605 85
4008 11146 3
629 15107 51
3259 19587 21
566 12372 86
6450 19896 64
5928 13041 24
1692 4991 67
6245 16553 93
11809 18939 82
12685 17268 81
7309 15438 73
1772 15949 78
7189 13943 46
9573 10775 43
17998 19143 1
10077 11325 61
13061 14443 63
1640 14091 48
5830 10642 44
35
2687 16988 57
11720 19244 51
6173 17235 10
17129 19062 38
1119 15875 97
5564 15767 72
1257 13663 50
8844 15264 28
12285 13806 47
5809 10181 69
1845 8914 4
4877 19271 12
2374 11777 15
15471 17705 76
4009 19370 28
1495 14193 77
3587 3910 75
15537 19647 43
5807 17326 7
10799 17633 77
2005 7550 21
4353 10224 17
12175 16444 6
10869 19683 8
4959 15507 8
17452 17658 20
11663 19035 76
4120 19215 35
12476 14196 64
96 16737 39
4566 7271 55
7534 18662 8
451 4430 37
3446 5513 71
2991 13360 15
73
4005 14371 44
16527 17723 2
4315 16260 96
3386 18464 55
1513 10138 6
1745 16916 57
3104 15044 47
2838 14137 56
16192 19405 9
3810 11261 86
7838 14412 24
10326 15133 7
7436 9869 84
3462 4578 68
1387 5119 12
6103 6129 63
1723 17600 25
4389 13423 76
11881 14771 87
6229 9835 86
11814 17935 15
6164 10951 91
3787 9401 31
10578 19876 12
1559 3293 4
11097 12713 20
6781 9598 59
15996 17428 72
5155 9852 23
1947 2040 60
179 12015 91
9393 17581 65
10465 13136 76
9679 13098 5
9310 17912 9
6816 6856 59
2759 14389 55
9234 13253 6
12262 13268 70
14790 19914 81
7413 11102 4
1100 4986 37
13019 16216 56
3208 14382 21
1642 16889 21
18786 19589 36
2277 14383 44
4738 10000 94
10214 12221 36
121 3207 40
3638 16015 69
7884 17859 39
3215 14850 76
728 19121 100
16433 18194 77
9968 12378 57
11318 19906 93
11711 14454 47
8389 13129 51
2184 5743 100
13881 14485 36
13177 17297 3
7991 8396 94
6363 14369 92
5719 7072 58
4997 11114 85
15946 16587 77
11597 15199 85
5381 8758 42
1182 15414 22
6853 14375 27
2832 19250 35
12650 17682 96
84
7492 17421 59
10727 19393 97
5565 16669 17
4339 5217 4
1673 19615 17
11080 17465 25
8066 15097 44
6645 17950 11
6269 12563 65
20 12634 99
600 4134 19
3324 7192 84
9009 12264 27
4470 15106 94
13908 15623 4
6085 13161 43
7138 16378 6
5513 8799 73
15011 15639 74
4641 19326 24
13406 19416 24
3075 8639 81
5555 9574 18
1136 17344 33
850 17586 19
14182 19781 92
1674 15520 18
7089 9602 68
4849 14307 34
12844 17995 45
8348 9515 78
10934 19428 85
13673 13908 4
1767 15054 50
2409 5596 12
12743 18292 74
6715 13891 62
1996 16232 60
11005 18033 6
3835 5756 10
1686 11122 42
7726 16205 95
4839 19329 3
8893 10030 30
9227 16319 88
4322 10848 93
712 17436 100
12383 15754 88
4717 17582 27
9334 10418 31
6531 15925 51
31 2176 68
7272 7932 28
2844 7477 30
7338 8226 12
2404 13397 84
5367 15629 48
1976 17687 27
8666 18139 80
2019 14793 49
8597 8749 60
1260 6049 39
14307 15661 86
4635 13184 49
7611 11900 19
7356 16738 13
5159 13293 47
2887 6511 89
9610 12044 67
10395 10427 86
4681 10330 30
4923 5364 24
4836 16724 39
13889 15900 86
7554 11828 11
13954 18326 93
8975 14583 75
12990 19614 86
2556 10606 89
3391 14747 20
11263 17772 34
9919 13406 18
4128 5682 100
15978 16659 81
35
2188 15673 20
5824 11605 10
2414 19735 95
3604 10065 52
15884 16546 58
18073 19056 90
16409 17333 66
704 19838 8
888 11830 17
3060 12101 33
9134 15258 25
5690 12323 17
2786 17516 34
10156 15304 76
11904 13480 53
3489 8066 83
1894 13764 87
15184 19264 29
5229 14452 36
2182 14926 99
332 4985 57
12138 13427 92
4050 14149 45
3386 7050 43
2815 12478 33
9569 14986 32
16286 16370 93
2433 13884 27
11519 16077 13
13357 19150 69
9307 13709 30
19192 19204 33
2805 11293 71
11236 18633 40
10533 12929 79
15
17043 19973 39
3688 14242 57
2509 17726 82
4505 11409 100
9879 16515 21
8703 16396 80
349 7265 85
897 9185 78
5011 12055 84
4858 11981 87
1364 16690 18
7656 16762 32
16917 19288 39
3375 7521 69
6691 9211 91
79
1099 9015 50
3281 13485 27
982 12435 37
292 14284 50
4540 6948 74
1116 12989 73
6771 7453 23
5742 12311 44
103 14712 47
4840 18388 22
15195 18983 35
12881 16363 96
2959 6574 53
4893 6613 81
13137 18585 36
2966 15460 89
12673 19965 28
814 17696 6
8040 15010 16
2739 19494 74
1839 7947 55
6178 18960 37
14506 19325 27
8966 12567 86
5955 6797 75
3072 7801 74
4706 5729 67
7813 18691 93
3071 16261 90
1960 11762 18
8667 14610 99
13722 19780 41
9112 15228 31
18792 18926 63
2835 12017 82
2979 19417 69
576 16286 36
4263 15364 96
15676 17190 8
1101 3591 68
6993 8458 70
1636 14608 27
1816 3720 45
7454 13144 69
485 11487 59
2907 13498 60
2095 10910 39
5075 8350 93
8005 13232 10
1067 14792 39
10523 17850 2
12533 12599 18
14729 16312 91
13666 18079 51
631 13276 83
6671 7485 22
5456 12383 34
2305 17404 27
4528 7056 78
301 10760 52
8862 19098 82
4411 17791 50
4368 12117 31
8466 15257 81
3333 14989 64
4591 6376 41
1993 4499 96
273 13784 38
14397 19911 42
5728 11639 91
5487 14736 6
8978 17716 78
16278 17207 17
9181 19108 5
7478 13746 85
4924 18403 27
10403 11493 63
7 16 84
12710 19928 18
95
8078 10874 84
6602 15897 9
5760 10135 52
2635 10728 32
9579 17735 75
2475 13411 98
8259 17361 74
13169 17393 67
1980 12834 17
5035 7483 16
6335 19655 64
5580 15353 82
12378 18220 69
9082 9975 83
4044 17586 75
4702 8840 58
8503 14532 18
4799 14705 6
1393 13515 27
6859 15643 84
4769 16479 89
2049 8998 72
18318 18650 21
6600 12562 29
12790 14522 89
2267 11645 7
4211 11255 54
442 18190 37
10861 14419 12
9709 12605 87
4876 16146 54
1560 5011 22
4353 5816 44
1276 13023 42
14498 19105 34
6869 17351 43
635 10765 74
3045 8822 23
1244 2256 47
1895 7421 91
15616 17120 12
3080 17055 5
9496 10669 18
16274 16466 2
191 3502 29
7503 17405 99
18398 19627 67
3948 13798 84
5233 13190 52
3134 9444 70
5273 5645 74
4631 11838 49
13675 16805 83
11655 11873 97
6278 18607 1
10723 11241 69
340 5099 40
10990 14559 78
4092 14427 75
3821 14973 75
7615 12380 84
3500 17533 37
4615 14071 90
3259 10427 98
4532 9833 78
970 17219 42
14031 19423 69
8614 11350 88
6514 19411 61
10034 12799 72
3932 19845 19
4581 14419 55
1927 18447 52
2171 19305 34
9603 13420 46
8821 10300 93
6849 14817 79
6815 7819 98
12519 17902 31
7264 14273 10
6079 16087 57
10758 15842 3
12453 15817 79
11202 17596 36
11576 14260 25
9304 16577 56
16244 18227 32
3448 18917 49
11416 14468 17
12741 19960 51
5693 19764 38
780 6176 87
16345 16986 57
6924 8828 37
4481 12586 35
93
10913 13587 32
15094 18531 70
14881 17867 62
4347 10102 83
2901 8624 94
443 13473 20
8862 10588 45
586 19551 85
4814 12115 51
34 19210 37
17211 17985 25
526 5023 93
3205 12498 1
2411 11360 36
5948 17091 87
1777 18712 37
18033 18911 3
12389 16105 94
7067 13094 16
2275 7471 59
5807 16198 79
648 19451 38
3818 10571 85
6731 12422 43
12404 19073 27
14037 19417 64
803 6623 64
10563 16818 76
4547 7687 13
10016 13123 42
9759 19122 83
12493 19134 48
10080 18172 5
4345 7406 9
5517 6050 6
7646 19344 95
11164 19815 100
4691 12108 89
2535 8581 17
16482 19675 20
1360 1745 92
3072 19766 30
9458 17910 71
11836 19479 84
1156 4077 71
13012 15824 21
3034 5813 14
12898 18986 85
9397 11683 32
3358 9337 39
10456 17781 28
7649 13528 71
9265 15016 30
2758 4162 26
5618 9128 9
6476 17222 90
1482 3847 19
9324 18891 3
685 3081 41
454 5366 12
9483 10402 3
90 8672 79
12263 16728 88
16947 18926 9
10602 13171 9
9331 18584 97
433 5427 25
3290 5712 11
5828 13214 87
10637 13904 26
673 8876 10
14063 15649 13
3153 7678 36
9339 13513 89
4893 7821 78
703 11414 52
3952 5485 65
11388 19270 86
9769 11099 31
1528 6497 36
6877 11020 58
3596 5716 26
12058 12839 46
8721 17915 65
16277 17032 1
11765 17313 58
7854 12875 53
9055 11770 51
7240 18523 73
1190 3138 83
7588 11492 49
12209 18502 45
12518 18568 26
92
1269 15060 27
8090 10595 17
13265 19404 30
12958 17094 54
538 10923 50
5208 15527 20
1657 18633 55
11608 11936 81
2006 11316 24
4312 17934 24
5911 17688 48
12152 12981 45
4609 14221 19
1284 15463 51
5335 10282 15
2822 7074 80
6178 16628 59
9267 9889 91
3832 12995 32
1310 18012 77
3823 4982 21
5505 17459 57
2678 13940 33
10925 13936 75
6320 15665 100
6693 11201 23
13071 14268 5
8847 15152 48
11851 14649 90
4519 16846 19
1969 2349 49
17291 19403 89
2716 6813 1
9273 16893 73
4277 14551 10
10775 15429 98
2042 4188 94
14428 16809 31
6422 18399 93
9125 18513 18
12221 15493 88
15958 17320 18
2111 4557 4
276 9254 96
11449 13711 48
880 3870 23
13518 15216 43
5538 13568 30
5407 10956 18
8863 13741 91
3950 17952 50
4273 13051 96
8054 15679 39
14942 17743 14
2652 16962 69
2732 9896 29
3377 9274 92
476 9237 53
5098 7138 36
11372 11553 80
6425 10256 33
217 12393 28
3810 19561 38
2321 10782 68
3535 8813 75
8703 14110 46
9677 11821 50
674 4054 59
7534 14370 4
7305 9255 96
400 2389 22
14086 17127 35
2900 15281 9
9830 18408 99
5448 14946 28
13560 15959 42
8879 18558 91
2770 3762 89
16499 17763 78
16185 18977 65
8879 17989 55
44 5250 23
2233 19995 87
10465 19327 29
9419 12059 56
3898 13374 37
1766 8904 32
1489 18055 38
5067 13055 13
8140 11914 12
3186 5430 24
7517 10873 62
29
2897 13726 48
10814 15445 75
12986 15835 85
6031 10542 18
17431 18359 69
4382 10682 5
949 1247 12
17046 19439 96
3627 7503 15
1369 6859 94
6196 7060 78
6218 17219 64
2353 5762 41
2427 16469 79
5549 10064 8
3552 4263 77
5300 13397 9
16076 19941 19
1014 17010 75
273 7738 5
3162 19590 22
13976 18540 94
2390 15143 46
4934 5500 48
7105 16405 26
13367 16047 24
2972 4109 11
7027 8978 57
4559 11548 84
56
2650 3599 97
4888 5704 54
3156 6802 72
7598 18779 26
13370 15209 57
4197 15363 40
13667 14546 27
5874 6552 36
9272 14029 100
248 10877 1
743 19608 68
1465 18458 33
4143 11396 68
3439 18162 66
5690 10753 89
9205 19425 72
2970 8669 34
4567 13448 16
11714 14021 60
1557 3044 84
5276 19898 62
12581 15794 49
6064 12899 100
3204 18535 12
4069 8084 78
15916 19356 88
11459 19043 99
8106 12727 15
3197 10790 86
14788 15998 38
6029 17661 99
8759 10215 10
15466 15669 58
9030 13442 15
215 3380 58
5440 12079 45
16232 16684 76
11814 17790 17
5530 8683 2
8036 13166 22
12213 19290 17
1774 9213 7
4335 8965 98
4882 17372 1
9774 10593 42
6276 12500 67
3510 14255 94
4299 9259 83
1599 10082 37
43 3840 42
4874 5816 90
4390 13356 30
6371 14449 50
13044 19239 86
6318 16625 29
7012 7363 14
21
14674 17483 72
2416 11228 20
4805 18821 60
14911 16185 37
8375 12193 3
1780 7819 7
4212 6489 84
1884 17789 93
120 19827 49
8108 14558 9
3058 9409 86
6761 13414 4
5733 16006 80
6725 9563 95
2125 10031 38
13485 19332 59
8132 13661 27
9366 18496 22
4255 17206 15
7704 8436 45
2714 18434 63
33
5454 5910 30
1867 18987 17
9005 13843 14
5054 14726 25
1160 8482 97
3161 18067 100
8860 12548 66
3893 4169 31
3120 7904 91
6088 12775 50
2027 14011 7
10356 17359 70
9564 9832 33
857 2208 78
3739 15624 67
8026 10289 69
4467 17377 48
4734 8686 84
8221 11032 58
10680 14807 54
2768 10864 73
13259 19534 17
1873 10685 82
3492 4363 3
1799 13970 86
113 4458 54
1637 5188 18
15972 17229 55
8182 12351 3
7165 18218 97
719 1380 71
15832 19240 67
8624 10069 14
58
15914 18875 30
3135 10453 51
7753 14872 90
4357 6654 51
2315 18329 27
879 18924 62
8988 18390 91
2611 11028 46
8367 11250 36
8178 12307 89
3450 7549 79
1841 19124 42
15122 19267 76
10752 11947 14
1411 8177 76
13745 18101 85
12737 18897 79
14088 18806 10
11913 16839 87
2031 4045 64
15475 16640 81
1056 10904 83
2295 2965 31
151 14731 28
17369 17504 64
14062 14896 76
4476 6670 25
11096 17749 8
12663 16157 24
11348 12015 21
10674 14895 55
2435 2772 69
8808 13544 30
11674 14820 20
5881 11037 55
3740 17923 11
7986 11485 77
8829 10086 54
453 18207 40
4467 18481 39
6198 13932 96
4266 9477 51
5486 5632 84
4770 15745 76
18408 18528 59
10980 17615 36
10612 13798 71
1240 18556 29
7806 19447 78
17842 18053 43
9439 13060 12
10792 14079 27
5761 17807 27
11110 13452 92
1419 8169 11
789 5138 79
1166 10102 7
2450 17630 40
46
673 13192 86
8708 19444 59
13635 18904 22
942 12319 89
10749 18880 73
4853 14433 51
6724 14060 88
6457 6775 41
2735 13312 52
5830 8578 25
8272 10933 61
11600 19689 55
7875 10791 68
3215 18345 98
13129 14681 89
2648 13053 80
5711 8802 84
14697 16591 73
560 8082 93
1609 4724 66
3463 17723 6
12509 17615 20
9062 9256 79
12388 18341 14
12253 12655 3
12952 17070 54
8156 18825 95
25 10049 54
2728 7327 41
4768 16900 68
6051 10900 79
2474 6932 58
12233 19638 99
8284 8767 50
672 16480 27
6999 16313 72
7285 8880 79
4228 9978 22
2565 14499 20
11929 12495 45
4043 11546 49
719 18166 57
1988 13012 5
13569 18418 46
1597 12263 69
10475 13597 35
52
7902 8404 61
840 19892 44
12551 18458 66
8318 19951 89
2463 2616 62
5162 19004 53
9224 14358 41
1728 3351 11
541 16639 71
6153 12457 7
2026 12250 70
17144 19009 30
5381 6659 53
2161 11156 67
10595 12221 83
8295 11702 26
1050 11360 76
8997 9895 82
245 11781 91
14477 17179 80
5285 11287 77
6501 19617 8
8347 10754 84
4598 15260 2
15193 19826 44
6010 19861 22
13116 15514 75
8705 16674 82
6916 14778 61
2082 4738 83
5669 11770 79
8736 15969 83
5581 10798 46
3945 17011 93
2956 6371 95
6580 15536 75
855 9535 88
8530 19307 15
13676 19234 81
13778 14852 18
4894 8556 24
12236 16092 3
13563 19432 29
333 12405 29
14453 19819 12
4885 5511 28
12224 17557 65
5832 14879 97
379 3154 20
4892 10169 16
13678 18957 82
8822 10158 79
72
954 10740 66
14619 18853 75
10333 18229 11
12776 14299 90
6009 12561 47
4027 16822 15
13066 13999 36
6083 6177 50
10018 16945 72
14501 19657 36
5429 16019 79
16918 17761 75
13933 19031 42
19063 19802 56
4997 7678 45
6956 16183 35
2122 10833 68
2921 7090 49
12096 19399 22
1434 18264 33
5032 17409 80
8530 8943 78
9798 15623 6
11809 13425 81
9024 14396 40
2080 4754 34
1838 17745 59
14470 17967 81
994 16552 89
719 10636 86
4171 7371 43
8818 18174 46
1440 9725 41
7423 16956 3
1103 11110 5
7621 11415 84
5168 12040 68
8753 15695 30
9554 16800 57
589 18190 37
16478 18882 17
15004 18365 16
6898 12611 90
1606 11758 29
12770 16088 75
423 4671 91
2401 2578 56
3805 5576 94
10743 18061 51
12180 19637 43
2153 11015 47
380 18624 94
14510 19979 15
11567 15033 74
660 3689 24
1912 11292 4
12921 14607 67
8553 14837 80
7067 16215 12
1522 14948 47
5173 5597 52
14463 15943 7
1198 15932 84
9588 12595 92
710 18915 89
11399 13253 17
401 18244 5
391 10669 27
6633 8572 50
13042 14661 94
14078 19285 6
1193 8639 25
75
11207 16189 63
10797 11453 36
7987 11523 49
1192 1392 14
6640 11986 76
1791 8041 78
8684 13547 76
12374 12563 14
3849 16151 21
3489 14697 17
10911 18477 2
819 2220 32
5000 9735 86
6575 16576 64
5402 16915 16
12854 17155 57
13351 15755 20
9311 13294 66
1803 10021 32
1444 13359 86
9395 14662 32
914 16275 32
9104 9472 44
461 18104 71
3215 17229 19
3592 9590 36
3900 17264 59
12840 18187 77
12789 16886 17
9351 14069 94
6481 18180 7
5950 16155 3
613 17698 84
4947 9635 12
5393 10138 89
2953 9131 1
5454 17295 76
583 9026 48
4824 18683 74
6382 16447 97
1238 8549 32
5482 11199 77
6044 10710 48
5476 16462 89
1219 4222 63
14120 17995 60
8549 16359 61
15937 19288 30
6957 11256 70
12851 17286 25
5537 6918 16
5834 15163 86
11322 14615 12
10328 11057 69
6000 6625 20
12471 15713 82
4622 10346 62
3655 19774 6
8196 15793 90
5119 17069 23
15239 16432 83
4631 17374 7
13374 18984 3
4940 18450 63
2782 13890 74
3032 13640 68
741 7617 65
3722 15414 29
1066 10382 2
10321 18877 84
16981 19325 67
6863 12999 86
6678 17983 66
438 18605 71
2894 6256 8
97
4718 16565 84
5337 14869 73
7861 11173 88
6696 9772 13
2602 19425 47
12241 18691 12
5154 9801 17
1689 17134 27
16058 18362 46
5308 9386 98
760 19969 18
628 5371 61
12304 16146 72
5553 15933 72
1423 9790 35
5201 9972 59
6719 11278 51
9921 15524 5
11888 16043 75
2074 16132 92
708 8178 15
10719 19691 34
12316 13840 20
11096 17117 3
5930 11394 7
5750 10165 75
4123 12660 67
15605 18111 72
5958 12961 25
16053 16498 22
1998 9050 100
1194 1495 53
5644 7477 76
8164 9652 14
13104 14832 20
9480 18522 65
14098 19627 20
3372 9182 36
8024 15864 25
6321 16227 92
7639 17038 94
8512 14495 76
7887 11777 60
3788 6029 90
600 10343 20
8494 10233 6
6870 8676 90
7507 19526 37
1008 13857 47
7579 11044 93
6406 18345 48
12956 15974 58
5169 15224 53
4964 19046 19
11502 14269 31
3873 5854 6
757 6602 26
3928 4042 59
3796 12490 79
2666 9802 6
6404 9309 33
7443 10568 77
4346 18939 67
12786 19959 77
1800 3522 47
8955 13236 18
349 14165 97
1333 10200 21
602 3244 52
3926 4220 69
9775 11582 48
280 16074 11
3627 4884 24
9298 14911 47
4182 10849 16
12725 12743 45
1105 17885 6
430 5456 48
2560 13065 31
9308 12906 3
377 13997 95
4703 12362 87
3656 9455 62
2723 17476 75
3181 8469 57
521 19909 32
761 12039 74
692 7602 37
8176 18450 46
6125 11762 83
2172 8676 97
3881 5403 73
2098 19450 22
885 10542 24
2527 5888 50
2363 16181 72
14821 17059 32
7
18891 19120 31
8243 8642 34
4828 6659 64
5546 17322 30
6461 6615 21
3592 12832 50
9122 10054 44
61
218 17759 75
12814 13888 58
6667 11087 81
3381 8141 22
6243 17657 12
7940 18300 79
697 9277 6
7368 19258 25
896 3291 87
10469 12558 96
17335 19055 14
7621 10187 98
5596 17810 36
14019 19089 30
1681 15861 81
1517 10609 24
18754 19740 31
6248 19187 18
4031 10002 8
3242 17794 86
3298 10547 3
1299 13698 85
6180 18566 70
9184 14970 23
5813 7172 89
4240 17713 6
953 5531 68
2430 5202 9
2159 2594 94
614 13850 100
7482 18169 33
6863 15859 96
5460 10541 27
6912 18480 78
11622 13685 68
7584 17050 28
11246 19253 72
10435 16664 29
13047 17208 28
10938 18060 49
14254 17101 74
7323 9407 73
11453 17102 84
4022 8680 100
346 14912 65
17215 17255 68
17517 19226 1
11148 15026 49
10235 19197 22
17599 17895 9
360 5443 72
9736 12524 5
859 15740 66
7375 8720 93
9011 19846 47
2527 12696 35
907 7953 27
3268 10654 8
10400 12473 94
5518 14356 64
928 14958 60
39
7839 15140 63
13164 15510 5
10213 17251 38
4485 5502 53
1374 12721 27
7336 15715 16
3930 13415 47
8124 8718 88
2965 6227 65
4200 6922 18
5594 14922 9
12447 19963 65
2208 5407 30
2430 9662 56
3125 6270 37
1172 7602 42
10250 17690 75
1701 2760 71
13644 14108 34
8153 8520 66
5873 11557 47
1034 15632 47
3955 14784 56
376 11014 81
8694 18946 75
12492 14387 30
13266 18615 44
183 5060 53
5334 16446 24
2997 9050 51
1174 13324 83
8020 10603 10
4979 16223 41
4347 6822 95
18252 18405 77
4156 17904 88
8376 13708 33
3124 18122 13
712 3557 12
38
4283 10494 58
17407 18430 49
3031 17327 69
14931 18518 99
6457 11900 31
1819 16360 43
11353 13515 68
2847 13445 90
14430 17093 19
4671 13118 81
5269 19263 22
2023 8089 59
2988 7078 72
3784 16567 47
5906 14545 28
7480 17514 28
1 19620 53
2128 15403 12
2770 3063 27
12899 16152 31
3485 16690 42
2025 13791 5
3306 11459 30
14781 14909 70
12991 18974 72
4629 18363 80
6014 12567 83
637 2060 36
3330 12573 65
5038 5591 28
10795 11493 65
4780 10223 93
12389 15878 93
8189 10879 71
7264 19735 88
1647 4482 28
7221 8275 95
6843 18959 13
78
4884 6518 32
6803 17727 58
10167 10904 81
7416 12050 48
3216 4476 13
13070 17588 42
10120 13960 35
2061 10646 97
7158 15675 77
3138 9956 76
8389 19174 58
5743 15069 57
678 13949 27
1911 5880 27
2730 5507 86
5888 19283 87
9192 18733 35
7600 14106 45
9095 9459 22
12181 13827 41
5137 14556 31
2213 3965 12
10950 17644 66
14409 15125 32
13893 14097 89
15039 19351 73
1059 8235 55
9412 16284 96
8415 13929 43
125 10399 94
7301 19171 38
706 1447 26
1473 16247 23
7531 17086 63
4662 18291 4
595 2080 76
6529 9437 37
7936 11998 55
9174 15503 76
16425 16485 47
8606 19525 11
6583 7487 66
5430 13219 61
1623 13888 37
16943 17967 37
3749 5118 52
7515 8810 40
17253 17504 98
5941 9319 100
5091 14069 51
4519 10168 7
2360 2463 95
13622 18439 24
1317 13371 92
6793 8834 15
5100 19232 43
9815 19652 89
3618 8967 11
647 1752 93
16971 18957 66
4078 17495 64
16638 19687 66
18725 19483 87
11746 12639 41
797 3762 59
10577 19202 87
7091 16941 12
7672 16735 75
1894 16143 18
1672 15869 47
6508 7590 4
9329 14771 63
8051 10893 30
3119 9234 5
2325 13037 53
1066 13671 45
16654 17692 44
2629 6725 30
13
15504 17514 62
12364 16284 59
3390 13568 25
15943 19925 45
11221 12393 26
4706 5477 1
1168 5427 57
11755 15406 30
10750 17292 58
779 6674 51
4559 19178 61
10645 15549 21
7077 16761 13
47
8263 8849 45
10014 10471 85
9194 12075 46
7174 14027 60
14185 18817 32
6708 9795 59
5739 8700 67
6171 8472 42
1134 11810 54
5886 11486 57
718 7367 69
2422 6626 72
3749 8878 62
8861 16558 76
3682 9159 21
8796 10131 36
8165 15704 52
7070 14856 100
12432 14008 42
843 1619 34
2226 3585 98
4263 4428 99
12809 18453 91
11395 19350 22
1269 12695 90
4546 8057 76
14116 17330 74
1099 7552 93
10591 11578 79
11749 19450 31
7799 16599 70
1768 5402 90
17622 18573 84
2562 7369 18
3252 18108 79
4395 18379 33
2148 16824 34
8594 15635 68
5598 16704 7
14057 17111 8
3918 14320 99
11748 15435 64
9913 18657 72
6682 18086 1
14283 16790 92
2847 10647 83
1379 5492 50
10
5840 16534 6
14112 19263 5
10178 19103 26
513 14723 82
5903 16333 24
2484 15460 10
2576 3206 75
3944 19609 44
5504 9445 34
1532 18807 11
78
10065 16061 9
9099 10915 50
773 14601 93
2118 9405 29
5088 7269 88
5632 9871 15
5481 10179 72
3267 18012 90
4168 19190 53
7781 8823 39
10615 15405 13
9941 15000 50
9317 19662 16
264 11240 54
4354 11071 84
5339 7653 96
3472 7612 38
3625 3825 12
17377 18420 31
2880 17534 86
4715 17912 95
14645 18284 69
5299 15756 46
13107 15806 28
3359 16880 2
152 18506 73
9102 10779 59
1486 5543 18
10304 15554 34
134 14314 35
2330 16651 9
8217 13627 41
7427 17432 59
5928 17748 90
3530 16804 74
289 10224 17
11623 17169 19
5168 15818 55
14291 18633 25
4719 17467 68
9322 15185 6
2404 8033 88
4074 19832 96
5741 13598 90
10239 19326 5
10698 12074 50
4973 14326 85
5084 8658 83
8097 8452 19
7576 12301 5
7648 19302 80
7794 12896 36
8581 15863 8
5505 9574 60
17990 18470 1
7371 16912 87
1686 3205 54
236 18080 39
14354 17647 90
2294 11634 41
8945 9706 82
2395 15190 61
7113 9808 80
1470 2653 47
4114 7731 51
10214 16870 8
14671 19914 65
728 5453 14
10125 10234 11
8392 18948 10
2652 14608 83
6425 9197 78
6197 12270 68
2018 18906 86
2010 17811 4
9553 10379 81
14095 15219 75
624 4962 28
1
3151 11860 46
96
4181 18697 20
10296 18783 12
10354 15334 71
2166 8894 66
3913 14383 95
16182 17696 51
9577 17637 62
9429 14008 84
12086 18881 37
10936 11095 84
4710 12579 71
13377 16351 61
1763 10618 85
12909 15996 96
7755 13310 93
5169 18258 16
9181 11996 2
7256 13856 68
1095 7167 48
2980 10198 54
2359 8236 100
15303 16361 27
2823 4217 24
974 19543 78
4809 12067 65
12040 13751 87
2790 3095 3
11734 12356 4
4453 19128 20
1976 15621 4
3367 13022 82
1255 1340 9
12204 18853 57
12536 15075 42
1308 5448 43
406 16785 71
8278 12843 61
13473 16968 84
9277 10361 87
4457 15781 49
14039 14716 41
425 5484 52
789 13601 58
2876 18921 57
3111 14504 2
13936 16480 29
1623 10362 84
9389 11245 39
4830 13552 47
1882 14768 4
14223 19200 1
7667 16172 90
4704 18131 70
8606 19400 62
4180 19064 42
4269 16001 27
6033 11195 63
6985 18562 27
11144 19251 56
7068 9578 99
7347 16581 55
5780 10928 54
5628 8279 54
5339 13524 13
37 450 79
13836 15495 23
429 15140 66
3279 19661 48
3910 13414 3
5237 14782 65
2254 14637 4
10547 15336 85
7430 7535 58
8435 10020 93
8371 15482 76
8906 18805 21
448 18136 38
8859 19940 10
14772 16729 12
15111 16490 100
12844 16723 76
12053 14215 11
12631 19372 35
9444 16099 60
8324 15473 51
214 19165 42
722 1759 42
3727 16308 1
9185 13346 63
4805 17066 93
12500 19990 74
10067 16266 47
14428 14818 56
10607 14188 7
5225 18514 88
88 4319 22
34
1916 9315 1
925 956 63
16937 17340 51
11926 16233 99
816 15072 58
366 2570 96
13120 13682 48
15856 16725 26
14599 18633 48
10200 10712 70
9652 13053 29
12079 17739 31
9029 11533 18
1623 18077 61
7748 11910 62
3671 8455 61
9 17352 23
14624 15011 57
1775 9335 23
8103 18286 19
17484 18763 92
9927 12863 38
13600 18688 19
15022 15932 64
11921 17805 90
4623 11307 56
8520 10262 71
8555 11153 79
6047 14489 41
14224 15742 7
11380 18066 43
4600 8833 60
8003 11839 83
6759 7739 74
59
11803 12466 27
2505 12392 83
193 4735 30
11048 13723 73
11218 15486 83
6237 15512 1
12176 17905 71
1314 13352 9
2824 7242 53
1911 19190 20
6550 14812 44
7679 14099 74
7104 16774 51
1947 12716 88
4382 16409 45
14354 17964 94
1343 13842 41
18858 19797 63
1447 7014 14
16040 18407 11
3634 3680 5
173 3645 24
9746 15311 22
931 11867 73
14671 16052 44
14020 17099 65
1906 7271 18
6002 10677 91
4023 4757 25
6014 12537 60
10971 17793 49
5445 16062 2
243 1501 76
3977 7828 54
10241 18164 22
1364 3238 55
5592 14150 29
14297 18700 42
6346 16336 53
4747 17241 21
9721 19420 55
7578 14766 50
5121 15915 16
3280 14967 18
4170 15418 33
47 8339 55
6054 17752 59
6999 10234 71
1849 15977 42
6038 19893 24
10093 12511 57
6862 7041 27
9306 18813 1
1480 5027 58
1770 18362 18
11730 14377 61
14209 19074 49
5973 10875 31
8385 8727 21
2
4448 10878 67
12338 16674 70
84
3385 14368 81
14560 18360 100
14166 17940 99
1805 13541 1
1588 9713 19
2089 9522 62
16512 18665 74
6939 11825 67
10971 11304 85
2724 12445 85
6305 18247 53
2907 15330 27
14121 16506 41
1901 2029 4
5335 15272 31
4661 11717 55
8398 11402 78
17984 19868 92
1300 18403 88
6473 16707 60
1711 10321 73
14313 15822 95
15109 15932 65
9236 12599 54
11272 15880 45
4553 5404 14
14333 14443 75
4242 12086 8
1910 13984 90
5901 17545 88
4645 8180 91
15531 16359 51
1796 12759 65
398 10103 28
7749 17224 25
6732 18490 65
7100 16436 37
11802 12185 62
2336 10868 10
2444 5282 22
8829 13106 46
11241 19747 43
5538 10923 77
9007 19749 99
6115 17366 64
15807 15835 49
6486 9937 100
8469 11167 30
7756 15784 85
10963 11361 53
5072 16054 40
4566 7791 38
724 5019 100
8467 15152 41
14980 15389 22
10303 17956 100
1480 19964 52
1907 8343 33
1642 1872 4
970 16169 53
18206 19213 8
8305 16142 12
6900 17201 32
5963 6949 40
10907 18025 54
5918 17649 23
3867 15626 47
1852 17913 94
3079 19915 99
4502 8002 89
16845 19553 74
8542 19266 95
1100 4603 44
9964 12547 75
10737 17991 64
13618 19670 1
12293 12538 22
7528 14521 98
10111 12807 30
5310 5517 29
3267 16826 62
5215 16205 70
1771 9725 14
13954 16010 90
57
8536 15591 80
5232 5659 9
8118 10085 64
17048 19144 78
5217 19722 75
12038 13692 59
12531 14000 73
7351 14475 18
15643 18572 2
3865 12278 5
1962 6530 43
12705 19597 27
6807 13777 56
8775 15402 31
7115 19512 48
8215 17018 8
4399 7633 69
6909 16286 45
16506 19318 61
7482 10908 49
5112 16465 62
19381 19542 32
4452 15757 44
516 17231 69
15144 17132 13
2884 7243 52
8339 12313 36
7133 9308 15
11611 11740 70
3304 6969 44
13991 18672 64
4794 16585 71
3865 5370 12
13987 16987 6
18618 19751 48
3244 16202 71
3153 13129 64
16813 18218 73
7134 8679 67
9186 13228 43
4023 15505 96
14341 15369 87
4945 17626 3
16503 17982 9
3440 10831 58
5726 8340 78
12762 12910 68
13234 17002 69
7855 18351 9
1922 18684 2
13479 17026 73
16090 19212 93
1064 6961 84
10568 11720 93
16893 19682 32
9926 11818 3
7822 12002 2
9
3283 6697 72
564 19379 98
10549 18286 9
585 11194 57
1767 14706 4
10126 19015 77
8320 9660 2
11165 15570 27
2348 18005 72
51
2921 3402 97
2500 15536 1
17831 18776 10
8419 13352 58
6553 19420 11
7370 9011 20
11698 14144 14
6093 14477 68
2110 13283 12
16045 19599 23
1009 1131 77
3407 12829 26
14653 15054 67
573 7206 2
2055 2830 96
755 11229 84
11135 14364 46
3675 8256 22
387 18040 48
9625 19776 47
5580 12234 72
6176 9591 39
848 9982 46
11212 17015 20
5857 7956 70
8526 14327 80
4307 8971 93
5138 6261 74
1491 12671 93
5888 12521 89
4656 4758 85
2369 2778 73
387 8163 23
6816 12322 50
1471 11412 55
7255 9461 17
598 10149 61
6625 17017 39
6008 17295 85
8024 12770 57
8136 14022 96
921 17995 36
3147 14818 30
8304 19893 12
6791 11953 59
2329 17327 43
15646 16243 73
7232 10318 57
7519 10693 57
16641 19493 23
9847 15560 59
72
5362 10405 46
6069 8185 28
9929 10744 26
13101 19757 97
6187 9640 62
13229 19621 13
4032 19702 50
3723 16426 69
762 11491 37
7657 13186 11
8264 12548 96
11079 11246 28
13599 15977 77
643 19453 25
10349 13426 17
1451 15026 17
1556 16506 50
2481 19011 35
16473 17029 13
846 13303 60
11483 13917 45
1376 7201 84
1867 18224 88
3682 15098 45
9728 16695 2
2812 12770 20
384 18014 20
11086 11127 71
4658 18109 96
1799 15109 51
625 4000 4
3069 3073 84
2887 7053 13
522 4067 15
7591 18698 76
5685 13464 99
1385 16810 89
8014 13761 1
5345 14443 24
6006 12387 89
7792 12829 88
11866 15763 82
6839 10329 43
4900 19655 35
7901 11448 30
1495 18583 40
2707 16574 68
703 4010 80
4436 4527 73
397 15202 25
7227 18323 29
4840 18968 39
189 1905 76
9175 15515 69
3059 14784 9
3809 4620 26
5311 9128 24
1256 6938 23
3425 6557 17
6283 16796 51
10418 13459 18
3036 16660 79
9925 15230 27
15141 17452 52
7795 11938 1
783 8315 54
10512 15823 84
1626 18467 56
3484 6567 39
73 9244 33
259 5650 79
9538 19247 97
17
7379 15941 29
4433 17383 9
2379 13629 28
4529 15039 63
3788 17177 46
4160 17195 91
2560 5268 20
5699 15456 52
250 15206 98
14265 16580 62
14501 18119 33
288 16961 43
2490 15090 8
943 10359 21
1374 1883 100
576 7834 58
9501 9678 53
92
9343 15869 86
4410 19296 91
3812 16505 46
7409 10611 93
9672 9921 94
12978 14930 25
6037 6780 78
3834 8717 3
5568 8306 3
14739 17817 47
9996 19199 66
6593 11378 15
10860 13061 28
2683 16635 33
5254 8316 68
227 6631 25
3227 14168 53
4675 6932 78
2364 4351 19
2848 5355 72
6608 18957 36
3334 18802 28
1041 19296 47
2027 19077 80
9758 11302 92
794 11809 50
5949 18844 73
415 15766 55
11106 15950 27
4781 6989 81
2849 3390 66
5901 18803 23
6063 16190 4
4584 4766 78
6670 16059 71
7721 19293 42
434 4070 27
719 5660 51
11102 18769 37
11492 13988 4
10542 10583 90
8984 17311 95
3807 15034 59
648 12323 12
2913 9164 17
17016 19274 73
1668 3419 62
1762 18520 72
4948 10515 58
7897 17465 97
2692 18482 30
12943 14658 90
5047 14325 2
14028 14145 51
2948 17079 15
2392 6583 59
17272 17819 98
727 13759 62
6435 11115 95
13537 19188 30
12636 16227 76
1235 2349 58
2310 10610 36
15295 17260 84
1036 3932 49
8984 16038 98
3280 13914 86
3141 9903 26
9901 17257 38
13417 17483 43
6929 8568 14
2634 13760 24
149 18287 80
548 6087 79
1842 4941 13
16677 16803 48
1720 16745 48
1280 14269 85
4744 19158 94
11904 17884 46
2696 4339 86
800 8795 17
2341 17092 73
1205 17827 99
11128 19442 22
16035 18887 90
8955 11396 38
10102 11097 55
16554 18969 72
5904 19642 91
13728 16758 41
13372 16378 97
33
11324 12042 24
4645 8368 57
1945 17922 46
6125 15308 35
8059 18431 26
5720 14035 19
2965 13345 69
921 6757 71
1176 10868 77
3841 10754 95
4974 17225 51
7622 11786 88
4568 12262 22
12202 14364 69
7467 9742 5
1968 4189 60
6520 16221 2
11661 18861 22
6636 10510 82
9225 15137 89
814 9955 54
494 1708 87
11860 13592 13
4801 19861 88
2984 15858 7
5752 9355 20
4045 5006 89
15507 16791 71
2725 19530 56
9738 15548 98
3111 13761 77
2519 17445 90
8593 13672 88
56
2695 4857 98
684 8915 30
8604 18067 63
6164 9813 81
1717 7938 52
2512 7964 53
193 15336 4
3144 17234 54
6983 13452 17
11837 16459 46
961 12444 1
4771 12946 61
3262 18750 54
9558 15022 51
8899 11869 60
11373 17992 40
3703 13317 86
667 1123 55
5306 16803 31
53 3928 98
2615 16587 42
6608 9099 61
10286 12979 27
13296 16059 73
14960 15532 53
1479 5433 76
4244 10205 45
269 15025 37
6758 15681 55
9189 19424 7
6987 18261 24
6666 12165 91
3123 9710 80
3912 13233 50
5980 10590 57
5297 11697 6
18072 18814 43
3107 18989 4
12517 12936 66
1865 16265 24
16303 18110 21
11066 11204 11
8136 15112 84
7290 13607 63
2776 13016 69
1499 2476 42
7293 13440 60
10060 11479 70
2694 7295 98
18147 18686 51
8266 9992 3
10891 11133 6
19083 19963 45
8134 18688 1
1 15129 57
6824 9531 62
40
16909 18750 91
2757 14466 16
129 1950 98
4560 6683 44
1535 18911 87
935 16319 46
15519 17472 17
10325 14865 93
6969 8932 17
2896 9158 92
11907 12320 44
13118 14051 35
6219 17986 35
283 6225 68
7341 14360 72
10919 14569 61
705 2935 63
6201 7294 6
6022 9188 50
825 17235 95
16691 17265 43
6227 12048 91
18345 18930 14
2475 17446 30
14749 18658 71
8762 19088 76
1237 9488 63
581 7531 49
7051 12943 89
6015 15253 87
8943 17793 65
14464 14671 100
1631 14219 35
2271 12597 68
391 16526 14
5511 12613 61
3635 5867 40
5435 6856 39
2418 3790 53
14322 15033 40
9
10020 16551 81
6361 11219 49
5346 14898 26
5911 9731 27
8560 14992 81
18336 19607 34
8946 16448 89
4793 12326 67
221 15471 61
95
3579 8157 87
9686 13661 56
1067 7905 29
17249 18158 79
11456 12728 42
941 18078 84
12451 13361 26
8589 14933 86
12911 18347 84
7586 18665 21
9320 15936 19
2947 8660 17
8376 11047 1
2185 12151 97
5581 13100 99
9907 10627 54
16711 19621 78
7193 12683 30
1182 15205 9
3396 14347 19
4625 19379 13
3550 19916 5
396 13381 95
5013 17235 68
7949 13457 42
2562 18997 98
10996 12304 21
519 9188 7
8015 10543 100
3628 14420 41
3252 10107 62
6812 17015 75
6956 15706 6
2860 14382 49
5485 11334 45
732 4339 95
1101 15969 63
3511 9562 61
11087 18101 78
1453 4148 13
436 12175 42
17926 18704 63
3666 6629 23
2501 11262 70
2871 3996 96
2056 3824 93
886 18615 98
9826 12139 96
3271 11300 15
5047 10369 43
683 15973 6
12615 15352 21
6502 8067 29
4482 7110 29
13621 16154 75
12810 17013 41
8840 18609 65
4654 16301 61
12945 18066 69
11584 14202 3
6270 10448 47
455 6259 23
4885 10202 12
11550 13180 37
3363 11906 87
4194 10693 22
4544 9435 94
6529 18351 10
4316 11098 10
5034 11278 60
4905 17570 4
2313 5565 80
64 19882 50
6300 14893 8
2312 9500 75
3967 16254 93
5765 18233 86
9864 16808 88
3121 17128 77
401 12896 20
178 5868 10
948 6945 30
1858 14060 42
138 14185 57
8799 10225 96
7656 13884 31
5435 13921 57
5334 16805 32
4719 13985 61
13886 16249 73
18741 19669 84
11607 17455 17
7711 12316 90
3503 18020 96
445 7060 40
14
8334 15448 22
3205 18751 35
3776 7568 74
4593 16201 17
13137 13969 84
3404 15167 61
4631 15886 69
10122 15882 51
1634 14060 28
3176 19627 99
9205 19970 48
150 19559 71
13178 14389 43
8846 13754 69
12
16602 19885 75
1371 4376 71
3204 16064 59
6676 12109 66
13498 14464 54
1978 13778 81
2805 5648 72
10813 14669 41
8078 14170 93
4452 16427 56
8276 15096 29
7299 18243 97
41
6152 10595 45
2406 19946 10
5410 19437 69
3725 12298 43
2889 10223 94
5863 16794 12
1867 8095 26
11873 13114 12
9309 18300 44
12442 18730 94
8105 15553 41
9274 18937 78
13250 14848 35
13356 19422 93
4288 12996 83
4118 14113 76
12818 19991 68
1921 11194 10
6559 13442 60
10875 17950 2
5612 12051 55
1711 6413 74
3448 16689 69
14031 17098 15
1385 14139 8
6203 12655 31
7645 14666 30
4917 12018 6
955 2940 13
16634 17699 45
12573 14996 31
6260 7084 71
6168 9458 43
15366 19208 7
4235 10358 29
9362 10474 6
11803 12015 76
6413 9337 93
3010 12948 54
12079 16512 8
810 13277 65
18
9117 14065 54
5557 9148 9
24 4949 57
2233 2562 23
12813 15328 72
16432 16555 60
654 13996 50
15885 18195 50
2640 10998 92
1146 12881 12
6220 18065 79
6042 13861 46
8850 18423 19
10533 13557 76
5370 16777 42
13004 14730 46
7232 12887 16
925 1712 50
14
3723 4461 28
5961 13613 58
3554 12086 1
560 4329 73
10511 17262 48
16602 18871 93
11450 17281 79
3201 16669 74
11948 13371 86
10801 11024 38
12020 12692 3
6308 16305 22
6581 15067 76
11837 15353 25
99
2560 3265 36
5392 17766 43
3613 8597 78
9131 13746 25
127 15071 12
3968 6203 34
3858 8024 83
8875 13034 15
13346 14411 39
3860 4438 64
11095 13731 59
5038 6469 44
2729 12564 83
1864 12939 25
13148 15008 52
10214 11751 40
208 8044 46
10005 10633 22
2464 18650 64
8565 13033 25
3762 7669 96
714 10363 36
6056 8604 26
3697 16387 67
1156 6143 97
2025 3334 46
117 6614 73
10671 18886 91
9988 15083 92
13908 18134 11
1487 17339 17
1292 8180 84
3905 15817 87
7489 16482 21
6730 7925 9
16167 19181 88
7892 12995 89
3509 11105 17
6522 12381 16
6560 10466 34
13451 18333 80
2287 8133 60
9295 12632 20
15654 16714 46
517 17614 48
3690 6737 76
3050 8036 41
179 4191 18
11243 14502 42
200 13412 89
13729 19360 53
11785 16516 93
1611 18762 41
3070 15007 73
4398 9153 8
3447 18818 65
1257 12068 12
9202 13922 60
10508 10770 47
6833 15691 2
9039 16469 16
3921 12093 62
2387 8805 9
8828 19694 37
18885 19527 83
8851 15566 56
1468 11195 61
2719 3864 58
6035 14021 100
16838 18405 14
3721 12528 39
788 12794 65
5351 14990 37
6357 9970 29
15592 19007 6
6755 12623 33
13839 13941 14
6431 12900 96
12692 17887 88
1533 12071 45
12328 12388 100
12207 17219 94
12115 14509 41
17174 18519 17
110 5523 41
16552 17948 82
4756 19153 68
3181 3902 17
13674 18375 45
17755 18050 33
3597 19233 26
768 6427 81
2839 18640 62
4096 10366 95
5693 14613 14
328 17264 10
8871 12448 28
10026 15393 9
591 15578 49
73
17396 18370 76
2276 12216 89
14484 16848 76
9789 18308 31
3907 18307 64
10954 11313 69
8973 16922 66
7094 13681 87
6665 18793 21
5387 18895 43
2787 18711 81
5910 14590 3
11358 12646 29
3263 15174 36
4191 8767 36
12064 12081 46
4461 12649 69
10113 16918 10
4961 12517 4
921 19233 48
14697 19157 18
6901 12782 32
1112 2448 92
783 18258 91
598 8139 76
5484 5578 65
16717 16729 33
13631 13697 51
16418 18056 24
4829 10282 12
1924 6054 92
12783 16620 41
1988 15397 71
1737 14730 68
4845 8316 47
1900 12774 99
4130 15261 25
1071 7719 51
5720 17862 58
10675 17236 66
9793 17473 65
17876 18867 32
199 4788 75
3141 19839 30
6755 9678 37
6785 15688 17
15959 17553 86
2477 11201 4
7952 16648 32
18452 18710 94
7231 18102 94
7411 14724 75
2713 18453 76
4553 14214 28
5586 17691 39
3291 11384 82
4285 5210 11
3177 19486 32
2341 17802 50
9999 11302 100
13762 14192 4
7025 18101 71
5098 11508 15
16551 17346 9
14319 16756 100
7806 15122 94
11894 12884 98
3352 4646 15
1966 2319 85
3483 5347 52
4597 19408 97
8942 12271 45
8380 14856 3
40
11621 16253 84
2276 6958 50
1346 12551 27
8207 15461 35
1217 3799 36
2963 9557 76
688 5867 23
490 7018 97
1852 19604 67
8395 11181 73
7647 10524 20
2584 15851 64
2329 2596 96
2415 15597 29
5170 5283 51
11568 16180 92
8050 16003 97
12254 14718 68
364 2220 100
6364 18299 14
4155 7519 37
842 6831 30
2688 4384 50
11378 16094 88
9398 12820 76
16060 18975 10
1545 15419 43
2898 5898 47
1038 10075 97
5748 17634 16
13985 19179 33
6102 10685 39
6836 7234 7
9049 11928 6
2271 15506 80
7802 19990 100
9822 15126 11
7496 19419 100
12181 17421 78
2432 6144 49
17
7374 18157 97
10425 15196 57
19457 19633 52
3743 18738 77
3017 15235 6
11504 19504 75
1858 18599 35
8468 17935 17
12512 16104 9
1915 10967 6
9809 15012 1
11276 18862 54
2012 5507 50
13264 15028 87
3810 4492 34
4758 14695 20
4817 19912 27
44
14409 18939 85
16660 19529 70
8322 13785 34
8597 17105 81
4077 17651 11
2712 5345 64
11085 18964 45
3758 7469 72
2181 17545 68
1318 6957 28
7766 15741 61
6897 18928 41
17658 18550 9
5172 8887 12
6264 17586 1
8586 9154 10
482 9957 93
4608 18039 31
11737 19396 74
14769 17770 66
6541 8230 6
1194 8263 78
841 3682 65
787 12957 85
3995 6093 92
12823 14209 25
809 10220 26
11292 14708 22
13540 18641 90
11720 17958 13
3648 13069 36
4704 7561 87
3958 10322 43
3600 6318 41
3092 16155 75
334 19274 1
5795 6750 87
3138 5821 60
7748 14241 73
5133 13810 67
10011 19283 98
4914 16377 86
7156 9538 73
4528 13112 62
2
620 10024 60
555 3856 90
63
6449 13140 78
7529 18083 100
1014 3193 98
17059 19462 34
1026 6902 97
401 15456 70
11716 16574 80
15704 16608 55
1320 12641 39
3247 11475 4
956 3800 22
1114 4541 61
11132 14536 83
7179 16988 24
5671 7138 61
14171 15582 57
6915 11587 83
10481 14955 23
3735 14736 61
1324 18704 89
6570 16682 44
4811 11164 68
6701 13720 50
9151 16135 80
31 9046 74
10061 16676 58
18754 18992 75
6630 7356 48
5620 12424 4
2200 19268 80
8737 9862 64
5554 19567 51
8614 9575 15
3748 15075 17
9273 16820 10
585 17656 74
4460 9063 13
7418 19561 75
5267 6241 48
12419 16341 40
9358 16428 48
12123 12563 59
5864 6439 48
12003 13311 84
14615 16514 41
6370 8348 92
6348 12259 25
2549 16120 7
16968 17968 77
3234 7551 83
14751 18667 18
699 12253 85
2742 12302 12
13054 18963 7
401 4554 45
14517 15692 99
2419 13147 95
10488 12797 10
5411 19984 98
11964 13931 64
4947 5854 21
4538 6414 78
4607 19897 73
37
8201 10852 41
4648 15767 61
1788 18117 33
16612 19943 8
6007 16189 10
5003 17884 52
18085 18818 92
13464 14757 30
11047 13457 84
4548 15285 100
5282 6323 4
13494 15479 33
6198 16672 78
4734 5762 75
14693 15253 55
10720 15230 72
4939 12358 18
13436 16139 94
533 1405 40
346 16924 97
12266 17134 79
11113 12458 69
7801 9140 76
14033 17788 5
310 8692 35
2479 5141 19
17958 18420 14
1092 10606 54
9570 15854 85
6799 16228 89
12537 18116 76
16559 17350 15
5890 6657 78
7050 13549 52
5138 8293 95
1939 7619 61
15028 16839 9
15
12077 12560 87
10588 19491 3
4859 19218 63
8273 15505 51
956 2198 82
7066 16838 81
1900 10465 51
3335 13087 60
15692 17519 96
146 1281 11
9846 19951 34
5617 17622 3
1766 8415 40
13020 19943 67
7403 12893 30
38
9200 12925 35
203 4476 1
1054 1500 45
3250 8401 63
14255 19370 47
3281 6397 28
2483 18569 34
10846 18772 47
15730 17822 66
13735 15580 18
7899 14476 9
1196 19304 64
6945 14161 56
255 14668 63
17149 17375 58
4108 19407 58
1058 3242 29
17389 18243 14
4953 15938 72
12098 17304 13
6795 8374 45
9981 13973 12
1223 13881 54
2298 14141 22
4431 14239 28
13187 17356 70
7797 10514 19
11284 16360 30
3902 14487 58
7521 8371 14
4683 16335 86
10286 11770 98
7437 12943 13
8057 14214 77
8418 13216 91
7732 19641 48
9379 15563 54
288 18249 5
43
4820 9908 89
8814 17413 100
4324 8681 23
7513 7993 29
9833 11318 59
3659 11928 26
8724 19098 5
13947 14755 46
7142 17971 97
3410 9705 55
489 14745 19
3377 11502 55
7476 14300 29
8353 9097 100
10799 14742 87
7443 11139 2
10435 13473 47
7737 16603 15
5623 9888 52
4984 18923 44
9043 11304 18
4113 17550 70
3708 6756 35
7870 12947 10
1851 5404 18
13235 13848 19
2351 6036 23
1296 12315 89
3733 5860 47
6154 12659 81
15763 16341 83
4785 4829 27
4034 10656 28
838 12312 43
4635 15828 59
8614 17932 72
698 14071 30
6594 9728 7
3445 17899 22
6115 15535 30
16588 16645 63
4835 12178 89
559 4659 58
17
3286 8315 21
8970 11981 54
8977 18985 50
5524 8290 82
7046 12283 21
3665 6487 44
16140 19059 35
1123 12734 48
907 11368 20
10460 11555 51
9262 16910 2
3955 19627 89
8612 10567 77
2815 18330 42
18106 19834 11
13727 15592 15
732 2709 27
58
6486 19862 17
14065 18432 20
5002 15379 80
12171 15045 31
17610 18964 6
4440 16556 18
7303 9110 68
3450 17298 5
16924 19320 66
4895 9291 23
3364 18288 26
2004 18078 72
13303 13694 53
9370 16303 48
12426 13294 97
13953 18106 94
6676 10294 35
12295 15238 78
2147 10429 34
11840 12016 75
12796 19485 73
5287 12678 98
8426 18823 20
14870 18417 88
12444 17322 10
4453 10071 67
11131 15941 60
1762 2888 49
1427 4037 57
2812 3196 14
10961 18323 22
8877 12734 7
100 3826 55
7995 12043 14
6433 9964 87
6001 14771 97
11555 13711 8
1602 4003 65
3271 6113 36
4892 15818 95
3624 9599 67
13665 14520 3
15444 18601 41
7933 15968 6
7075 13475 44
14603 16320 92
14457 18541 72
5036 15912 78
17852 19087 67
8887 12291 70
17248 18487 12
13882 19325 58
1371 18064 22
804 12039 33
9318 16894 9
3989 14225 69
4498 17452 57
2745 4112 6
74
1857 17977 19
991 10744 55
17345 18468 71
7845 12820 99
1322 7624 46
2103 8466 35
5744 6326 93
895 10696 7
10071 11233 99
15022 17938 67
6798 17858 52
2535 5624 73
16330 19893 59
984 14421 27
10538 11055 89
7654 19060 78
14323 16552 91
8117 19583 56
1938 14014 97
11454 15387 81
3456 13264 18
2445 3336 77
6728 15843 89
2622 8412 70
4192 11336 34
4216 9473 54
812 9844 85
6989 17463 15
3557 12814 66
1856 2297 83
5518 16171 93
14886 19615 10
8529 19783 54
409 15467 21
2817 15830 48
10280 14285 84
692 18285 2
8793 14578 33
4510 10542 64
8435 17495 21
3397 8865 96
7341 9854 11
1914 8532 80
3040 15342 79
5289 19722 66
9569 10172 41
2565 4676 20
10449 14873 37
6222 6715 84
9247 13381 31
4042 12746 2
9021 11701 25
9325 17424 79
592 4374 79
11675 13765 41
2196 14790 32
4949 10588 15
14036 19937 27
1876 15317 17
3042 14793 51
866 14930 100
1421 5509 96
2828 18298 18
9955 11700 27
1285 7535 14
1945 15153 33
6975 10830 43
3997 11451 99
3432 5148 21
9461 17061 30
2775 11054 70
9685 14008 68
395 15946 58
12083 18872 88
99
16271 18398 58
11296 13011 29
9708 11708 98
13630 17976 48
12330 13939 76
9187 19061 65
10351 12998 62
12371 13759 87
8168 17133 58
13724 15119 99
1515 10807 43
3517 11898 28
5542 7919 46
2469 5597 13
9051 14963 23
1037 2471 17
10516 13067 7
15824 16261 8
573 14910 78
4651 11772 3
7194 12699 73
485 5882 11
1882 15694 100
12854 17651 70
11840 18508 25
526 16047 62
13819 16777 48
4344 6921 44
1935 16122 82
6730 9755 48
3850 4766 68
2313 18312 24
14432 16026 94
12698 13854 27
7781 19131 93
2601 3680 91
8868 18658 72
7521 13974 14
9116 12295 71
2288 6644 29
5115 14499 80
4941 11799 28
6167 19178 68
12710 18469 34
432 6091 5
8012 19127 47
2306 16857 81
5545 12793 4
16866 17410 95
1385 7485 11
5228 19143 41
16157 19108 77
2001 12459 75
5554 7505 97
18049 19364 77
2052 10556 85
6864 13959 54
12270 15554 68
15295 15415 71
16557 19125 87
4376 10029 20
508 2613 62
4015 6113 74
7994 14830 82
6294 7474 27
18816 19432 62
8707 16718 63
13720 19450 42
15544 17622 23
1294 12339 10
2369 10552 43
568 5732 49
9316 13538 42
3472 19352 15
702 13422 85
4961 10784 92
2854 15686 58
197 10298 92
2667 12410 67
2833 19231 97
6294 11406 24
14557 14815 2
6759 12239 14
14116 19298 67
2231 10961 53
742 11029 99
7933 11993 71
4332 16467 50
2653 17164 72
10784 13739 23
9113 15882 89
7774 19479 43
8772 11254 46
11168 16102 26
5870 17745 58
12851 14959 24
10860 13656 86
1929 18789 53
8119 15063 23
23
16905 19182 22
13679 15586 30
1261 2137 6
16444 16696 15
7310 16683 17
1130 2677 59
11671 12974 97
6391 17595 34
14141 18884 71
10778 18320 87
9745 15998 17
12812 18071 67
12973 18836 73
6894 12268 93
946 7811 52
5807 14032 88
2483 9422 81
5270 16259 9
2270 3454 60
886 18981 2
10959 17732 58
15399 19649 39
5272 14654 99
15
989 7464 52
2560 19203 56
287 15752 32
11906 14331 91
8890 18382 15
3805 16684 28
1205 11789 24
1941 18360 11
12905 13074 38
3365 14212 83
4530 17804 60
12559 19840 86
4046 16200 14
1457 2743 75
4849 17473 66
51
1593 8280 49
5419 10730 67
1058 12339 100
2231 12553 62
2608 19984 81
353 3117 84
638 8767 59
6735 17290 80
1877 9272 63
3724 14733 42
4208 18964 71
8139 17213 3
1555 16013 30
1438 14199 92
14196 19094 75
11004 11239 94
12812 14445 76
15441 16675 32
2119 13534 41
17774 18423 94
1181 4030 47
16115 19305 62
6650 11251 20
16334 17449 53
2110 12293 25
3441 6600 85
4749 16489 60
3586 19252 20
7814 15042 97
13747 18433 94
6718 11256 11
7101 16772 88
14282 19107 22
4866 13267 2
3519 18345 89
8961 14132 42
11949 18724 99
7610 17096 91
1631 17345 17
2455 15184 78
6464 16377 64
9874 19768 53
1209 14923 5
5736 11681 91
11228 12676 83
12229 14801 81
3521 4318 36
1579 2583 8
3909 12077 54
5785 11735 24
2540 7171 15
78
9210 17669 68
579 10929 89
899 12589 58
15259 17597 14
7842 10363 22
15278 15745 10
12473 13925 92
9785 13122 31
7878 13196 83
10647 12947 29
8490 16542 35
9663 17597 94
7865 17025 10
1149 15439 23
9959 13205 95
3601 15975 65
3924 19150 53
13879 15664 95
3746 12658 2
6054 11258 22
1913 3258 30
2897 10186 98
869 18343 15
4177 16684 7
8657 15518 55
13304 14418 94
15023 16981 38
16696 17972 69
11456 13983 94
1373 11588 58
12491 19089 84
17428 19344 69
10255 17712 15
16174 19711 94
15265 17615 100
10558 17547 8
11065 13275 54
5794 11387 19
13882 14953 35
2164 11401 47
13197 16762 7
4608 7028 49
11352 17413 57
5071 6855 16
3341 13616 95
10327 19366 61
6182 6726 56
4258 11964 14
12488 19913 73
10810 11683 83
7049 14308 85
4612 16197 88
1328 3032 10
2241 5648 36
7899 15871 72
1726 4028 18
17437 18965 4
1723 18862 82
15489 19135 80
8760 18179 37
3847 16721 34
17845 17853 6
11441 17865 67
2405 17278 14
13673 15230 29
6401 19473 32
8906 19791 20
8601 17718 95
16980 19830 38
5991 11699 33
2267 14793 5
16735 19426 34
12817 13698 66
371 5184 52
7835 12296 86
13741 14090 43
2973 16128 60
14314 15309 67
59
11162 18519 2
1091 3290 15
8856 12364 7
8682 12926 56
183 12331 25
7105 9301 71
11712 16385 53
6152 11379 29
6937 7852 89
12245 18439 93
5648 19966 37
9727 12758 80
12304 15042 58
12923 15449 44
8416 17539 76
3919 8907 69
1385 18875 54
4768 12545 51
15496 18858 29
812 1129 96
13895 14577 18
8964 18991 79
1026 4708 14
5048 11433 74
1529 17851 41
2416 14759 9
2882 15886 52
9139 19425 56
6460 18984 3
3435 12486 99
5700 18742 25
1569 5462 92
5891 8468 89
649 4387 8
1493 18646 44
4716 14084 64
12435 16151 5
16068 18034 52
1928 7799 42
16703 19576 41
6488 18470 61
12723 17555 93
8692 9182 91
3324 8942 15
2689 13839 66
16047 17440 84
2518 8920 35
9746 12869 87
6344 17204 42
771 18697 61
2683 8501 27
12861 12995 14
2290 16201 100
1917 3820 15
8672 16724 94
10027 14418 27
12000 19262 23
4147 6482 51
10778 19907 99
61
4078 16253 88
1312 18330 86
3246 17195 63
463 18419 66
5151 5351 96
6860 11312 54
5979 16183 30
5110 10294 15
578 16550 40
6464 15423 33
6194 19323 29
11630 18484 66
1727 9200 33
3751 12322 25
8122 8619 67
9120 10832 93
7612 19904 88
1379 19066 47
862 10619 40
17929 19918 42
6730 14564 61
5699 19112 87
7656 13972 25
2163 10381 66
1968 14655 79
14912 19086 95
11571 15744 96
4922 12022 77
6476 11260 89
421 9302 45
8571 12075 26
8403 10175 40
2976 13819 50
4913 6022 54
1569 3913 21
5262 9644 91
7212 12017 2
14519 17569 58
7522 16041 18
8738 11398 63
10147 12894 74
8817 10010 80
14797 18702 76
12841 18421 94
2535 19661 14
11790 17180 20
6 14101 79
7215 13389 43
6312 8286 12
7207 12531 32
5251 17936 12
7350 9801 32
12231 12874 19
3255 7826 14
8114 19565 61
11394 19951 68
15541 17287 84
15983 17881 37
1558 15345 86
8399 16396 84
3944 5071 72
9
7593 16758 90
11842 13995 13
8198 13382 34
12134 13568 81
7246 18820 34
4729 5304 80
7739 14093 11
3475 14974 68
6062 7080 75
67
4382 16676 61
5124 12618 51
784 1622 63
11789 12764 24
14361 17654 74
1300 17781 44
1167 18635 43
11877 19789 48
19307 19829 10
6523 16992 90
6554 6959 19
9551 14539 40
10052 14848 84
2092 12071 9
5075 11041 33
57 4869 55
2383 5923 45
14382 18959 3
6243 9165 13
2750 11005 34
7279 19469 7
13317 15860 54
5533 17935 66
4069 19649 33
17832 17919 28
3134 19933 49
3295 14267 25
1229 2425 60
4005 7566 39
4234 17978 50
4557 11997 70
11332 18384 52
4522 8657 59
2625 15726 73
13141 18875 90
1633 10668 40
5177 8330 55
6656 11366 41
9371 18601 62
1467 7501 18
6616 14151 63
10465 14030 91
2450 14819 76
6936 17497 81
627 3788 69
359 12070 5
3898 4529 85
3880 11001 87
456 17749 30
644 14734 61
12100 15230 9
12465 14578 68
11759 13655 76
7138 19220 11
8564 13033 14
7941 8027 37
4720 7212 25
9341 11736 98
7179 11070 12
6971 9070 98
9669 13003 7
5434 10490 27
8197 16472 74
14110 18483 29
17410 18731 55
15824 17295 45
13502 14531 39
30
621 7677 61
11969 16171 42
3626 9983 19
13311 14796 21
3114 15010 70
7275 9989 87
1815 5754 73
4489 18002 30
4007 19803 44
12137 16777 92
201 10386 14
211 10741 3
3901 12959 54
11808 15250 41
1340 10442 5
438 19228 78
14317 17110 39
4199 12090 79
16988 18342 75
6457 14905 36
6571 9850 68
4047 5573 20
3463 15623 65
2494 12984 51
15032 18086 15
5305 9434 58
12085 19388 78
37 8682 88
6980 15311 90
13262 18349 80
59
13506 19059 26
5885 7223 46
350 3019 23
257 9954 90
14160 18923 42
2640 7794 24
13048 15450 22
1149 12691 70
10723 13136 94
3579 18920 94
2677 11614 64
5703 8300 3
7101 18303 100
5050 15100 29
14222 15793 90
2798 15779 93
11056 16383 36
15825 16179 57
926 6975 68
5523 13021 72
13225 13998 73
1408 5194 46
6955 15405 55
3162 3783 91
4542 17955 21
4762 13822 100
13263 15951 100
2380 17705 48
6807 9183 19
5919 17830 32
12543 15767 51
9681 10939 21
3646 6220 8
10218 13358 57
10093 18765 30
9192 13815 9
9886 13714 27
14749 16045 29
3824 16566 38
14 9897 41
208 10094 14
8594 10090 89
8382 18438 37
1936 10064 31
10870 14486 50
3643 8100 19
9672 13522 51
3046 8944 100
8656 9021 66
8297 18496 60
9773 11076 51
10463 13168 83
551 16096 27
6226 13667 89
14142 19629 14
3353 14470 64
10470 13382 92
8103 13351 29
8382 13715 98
52
3802 6382 11
36 16850 71
10864 19760 30
7170 9894 42
250 4446 99
7104 9040 1
79 14093 34
2813 7780 92
925 2260 68
8129 18653 82
9433 17952 24
2656 14862 65
7581 9104 100
1703 4182 1
285 14077 7
122 9847 8
4309 8331 73
2093 14018 94
10371 18428 82
7618 17233 46
2667 7207 74
523 4192 62
2880 19514 65
13955 14959 35
10882 15414 34
9125 12005 25
15278 16804 18
2501 5295 96
6082 15976 66
7669 15747 76
5171 9850 29
7042 12153 51
2538 9992 66
13761 15923 35
9054 9335 68
10514 16554 98
1118 5401 94
11893 15723 100
8017 12487 91
1075 9144 3
6418 10351 98
17647 19410 87
7318 14847 67
873 17577 4
1957 19775 74
9456 10138 88
6557 13073 70
3734 7003 96
3580 18050 98
8889 9751 33
922 3642 6
9317 12139 62
37
7175 7970 99
7827 18877 95
8617 14281 22
5774 11431 60
3653 14270 35
11808 18929 87
6085 7343 18
712 13817 93
3065 12115 13
12041 12215 36
4038 15073 88
4620 17609 72
7694 9797 73
3045 5088 15
438 1171 18
13814 19367 13
784 19072 86
2812 17688 31
3116 12165 28
3832 8752 2
1152 7900 75
1700 13053 85
4132 13419 84
2686 2966 38
3577 15016 25
9622 13344 21
2838 19533 44
16796 17888 6
638 12035 23
2313 8850 4
7420 10214 4
2595 2784 60
13183 16199 44
11321 19322 37
9841 12281 83
1173 1447 76
15399 17145 9
80
5995 17839 9
1574 19664 61
1745 7644 23
6919 14350 51
15042 15854 96
3826 19029 96
11617 18547 65
9838 13674 97
1397 4410 64
4208 7909 43
12514 15369 9
377 7152 40
12063 18099 2
1360 13890 76
2035 15131 9
2478 10171 51
176 2534 36
13388 14299 41
1141 11513 38
5535 10575 44
9048 11504 47
1703 2673 76
5362 7747 47
14903 18728 21
15408 19292 88
8180 19223 22
9633 15687 94
14577 16034 83
456 6375 57
1720 19042 13
4644 10009 26
4962 17260 50
6622 16436 71
7682 11323 7
12863 15313 7
10750 13133 91
4321 8866 59
1237 13566 25
6249 8825 56
5217 13705 15
7229 16490 11
8200 11159 50
621 5408 92
389 10062 77
16337 16777 66
9387 14279 22
842 5366 93
13103 13718 37
18596 19726 97
3529 12878 72
1974 14012 96
7374 14135 19
16231 19394 78
5089 6698 39
10098 10972 89
13857 19203 87
3558 18871 45
14441 19098 21
6369 8854 82
13027 15422 32
7799 8123 27
4406 9841 99
10919 18165 2
2219 2998 20
5957 16833 1
6134 8681 79
10281 16193 79
4383 17607 47
1200 1286 70
10413 17323 30
4552 16052 92
3036 11471 18
2676 3184 65
3276 17689 74
5477 18882 74
7236 13207 52
8276 17673 91
1225 15452 59
74 15614 77
652 17134 34
32
832 7901 4
8809 13729 84
18400 18868 8
18326 19505 21
8652 19706 17
2865 6856 21
11182 12824 95
3711 4183 61
8286 18058 29
5841 14518 86
16359 17990 99
15709 17525 67
998 6558 70
9942 16069 12
2997 16436 20
10142 16249 99
14621 14719 50
9681 17092 16
9121 15651 40
1666 19828 91
945 9570 77
18076 18930 52
6012 8524 87
6977 16163 78
17417 18843 1
560 9888 88
12730 19496 7
7502 18226 57
1248 19279 81
2325 12535 7
6254 12633 21
982 4390 75
17
3122 18815 67
4636 18328 28
7107 12124 6
6171 15687 55
436 17797 83
1954 8276 4
3260 9757 97
3880 16277 84
1957 5857 32
4392 15337 99
11959 18706 65
6513 17516 83
2423 8410 2
11131 18821 95
566 18410 62
2505 2735 44
8082 9202 14
22
7037 12546 87
12079 18217 84
8386 19819 98
4095 10131 45
6277 11895 17
3197 15435 64
2866 5156 13
11916 19745 63
2770 4475 32
984 5843 34
2587 15559 55
14958 16750 91
5113 7446 82
7728 14208 24
10966 15929 93
4864 13926 85
5719 9704 21
8613 13474 13
334 1320 98
11793 13277 28
13546 15622 24
2536 7919 96
48
1856 19266 33
8830 17382 60
10854 10878 31
4255 8897 31
5054 12686 60
1159 10491 81
9467 10617 82
4973 9180 20
1889 4049 2
2799 10673 41
3674 19300 10
2242 12689 3
7960 17165 57
2956 14427 24
1801 5253 85
693 11520 63
711 18972 14
7226 13788 83
13345 18799 78
2258 17691 56
14007 16682 25
11780 16850 98
7673 12778 48
4307 14011 33
1918 14008 53
1295 6366 41
1984 17747 79
17408 19368 45
5434 9986 34
7362 12688 52
3637 15568 76
5898 8640 21
3694 16043 62
11944 16801 4
1286 3386 62
2939 7268 50
1688 16581 18
10515 10697 81
5401 7386 14
12913 13535 13
3735 11733 95
5358 9825 6
10185 13354 2
3740 9444 23
1936 4049 38
11442 19206 4
655 6507 91
1022 7851 69
68
10753 15505 94
4882 17160 20
4299 7854 92
4357 19149 31
2868 11888 45
2283 19683 41
6886 15588 74
2998 15071 72
1568 8680 97
4507 12769 54
1018 8095 73
8307 19626 44
12612 12754 61
6314 7471 32
9171 10776 84
16991 17979 18
2029 17523 66
3899 16341 57
5678 6563 84
11295 17331 6
2138 15599 16
14080 15967 79
3339 15172 89
16220 19711 17
4027 12469 18
17006 19678 63
2111 18763 13
16446 19328 85
5899 18082 16
1095 16270 43
5952 9855 49
13726 18147 74
8791 11295 41
5273 9652 93
15886 16029 10
4473 18129 11
7275 12705 65
11802 15845 61
4631 18242 17
17570 18275 27
3652 17862 10
8342 14239 30
3548 12503 73
9643 12730 65
545 7818 97
11213 18934 52
4031 7679 55
5347 11315 58
9895 18281 80
9021 13176 14
4 221 74
11580 18975 55
4391 10679 52
4117 12470 94
12109 16896 16
2629 3174 96
3994 17044 24
11665 19997 81
7177 19378 55
113 13548 55
11109 18948 52
11517 15939 69
691 18712 38
1167 13819 41
371 15495 81
3471 6154 60
9219 15774 34
9444 17325 50
14
8356 19412 78
10596 11651 66
7882 15704 2
6433 16726 9
11171 11212 68
3582 3713 21
13837 19067 55
6663 11263 78
7756 16171 46
10031 14187 23
200 8690 17
11866 16311 55
13741 18610 60
255 9464 30
27
5981 8504 93
1008 4056 72
2367 9625 7
6981 10233 4
16325 17365 40
7572 9388 41
5813 15429 71
5747 8942 62
4076 4433 16
1488 7416 20
9286 10060 48
1154 17075 57
3915 19382 34
4280 16491 43
7135 13848 77
12568 12728 67
8372 9937 88
475 8181 42
3996 11973 42
3897 15672 77
8739 14113 15
8524 15529 65
2224 9402 1
846 12270 60
7228 18117 1
1955 13962 28
2516 19117 53
44
6107 13457 82
9030 11110 65
8766 19692 34
12206 12489 21
6557 8659 22
6035 10103 54
1700 3722 12
10470 13378 40
9435 11032 74
12501 16477 6
1786 15564 44
6372 7169 18
4454 5718 45
5706 17283 50
1711 15713 63
12383 15421 94
6201 12699 82
9333 12623 43
2103 18234 42
11487 15434 3
5556 12440 79
2137 4339 70
5421 11556 69
6476 15969 5
1758 19997 78
9556 14372 33
15082 17002 84
1343 11391 56
12855 13153 16
10040 16490 14
6871 9371 9
5427 13071 83
13156 14395 30
78 3080 9
2839 2894 89
3960 17523 36
7531 13037 51
824 16474 16
5680 10049 75
9835 16806 11
11017 14109 32
14617 15307 2
1862 14356 100
10265 13425 99
7
9372 18187 49
10221 12853 35
2387 3710 80
2937 4650 28
7014 14922 53
4570 6441 42
4725 8066 14
31
10788 16886 2
1268 3260 47
5644 14252 9
1367 11713 4
824 9334 68
8615 14485 72
1458 11320 18
18407 18409 98
2245 15868 24
6760 14872 69
18546 19445 95
8010 10979 3
11046 14192 7
1732 16340 53
8653 14790 62
4198 5992 85
13530 14004 44
1057 2726 43
3843 7327 99
1883 12801 48
4367 6755 34
2023 6588 37
10171 17812 79
970 15340 73
4489 11390 73
5079 8845 37
5211 14576 84
3370 11487 48
14645 19003 5
435 11769 41
8177 11926 72
33
13664 14236 52
1998 17299 11
9697 16174 32
2675 7074 2
6961 16469 75
8649 12010 88
13403 18046 97
329 17932 81
8270 15468 31
8473 12923 86
3676 15531 8
12420 12774 28
8986 10165 11
6078 15248 83
2649 7648 14
4018 10394 77
6098 6124 51
6369 18237 20
3908 11689 55
9140 18213 39
981 13580 25
2592 16664 74
14657 18333 45
1509 12599 88
5791 10724 9
15647 18330 90
6495 7466 36
6028 9748 98
12301 13464 89
16247 17656 10
516 1385 88
125 6386 86
8268 9621 82
84
2730 3867 33
1799 13693 10
13344 18171 10
8230 13459 50
10706 14523 83
249 619 29
2668 10654 94
12668 14329 69
8598 14927 84
2978 6015 39
10015 17124 64
365 15445 65
10463 10478 88
7954 8477 89
8894 13603 53
11272 18713 95
1942 18555 20
9342 19038 43
6395 7336 8
3973 5819 3
443 8784 68
5664 11610 45
3768 17271 41
3075 9054 81
16624 18717 24
7325 7843 58
4946 11957 6
5946 13734 55
10707 19054 71
4054 18689 79
95 505 46
9697 9854 10
1130 4643 84
3232 7337 85
5923 19673 52
412 2254 13
13708 16646 95
5559 6444 15
2127 10298 39
15966 18581 36
10643 15757 76
6372 12534 95
7879 13428 57
398 9464 41
9234 18437 98
1118 2748 44
12373 18704 55
9020 11980 54
7689 10501 75
9003 16115 29
7513 11017 80
10313 13120 35
7247 16003 77
9109 19950 58
1057 2547 92
5574 15826 65
14091 14377 20
2381 5625 92
3985 9807 77
5615 11016 75
10353 11739 72
9378 17504 80
3336 12409 39
6255 19471 5
1412 16472 68
7399 15416 48
11761 11862 99
4695 13493 48
8353 19487 39
7855 16546 55
2109 12779 26
12964 15754 98
10077 17837 86
4128 16124 17
8536 12082 55
7999 18480 17
3918 14732 48
5458 6124 36
12513 14492 5
9776 14728 41
7247 9538 37
5117 11092 35
5578 17616 50
4281 13530 13
66
4328 5877 23
3545 10223 32
5281 7794 29
3451 12701 68
9595 16284 75
8003 9183 30
5176 13802 53
7443 13811 75
6868 18573 21
1401 17829 91
1082 3911 59
8502 13730 77
10937 14484 85
12522 17407 95
2221 7347 4
2859 16677 67
14792 16215 98
8237 16778 61
7347 9969 51
12467 15736 72
2847 11249 97
7692 11340 88
6293 16084 45
11248 18185 34
11894 15848 18
10447 16978 40
10159 18893 85
11714 19244 96
9994 15317 31
11815 13937 81
4421 19782 73
5311 7688 42
9197 9658 10
7731 14455 50
1218 6355 92
8151 8153 33
4565 7449 39
2686 11348 83
12318 12828 67
11600 15289 51
2382 2938 92
4348 17010 69
6163 13269 52
5265 18833 52
5692 10278 49
13971 19675 11
877 16701 89
5304 9766 48
4729 16793 68
7659 9660 67
1428 13731 37
18865 19909 23
1432 4869 7
845 13479 71
10921 13093 10
1211 9778 87
8622 15382 99
11946 19755 80
6240 13413 67
896 8444 93
8716 16038 32
7098 14776 50
8967 12831 67
1211 9572 68
4829 18303 36
2186 15375 99
25
9135 18954 69
9140 9295 91
9247 17177 100
13010 14348 82
13771 17891 22
1457 18393 60
10360 11448 23
10876 16055 94
2553 8664 47
14410 19388 96
760 10326 72
1854 2519 39
15219 19604 4
4076 5625 3
14136 14405 75
7112 18545 66
3990 17547 98
13873 15543 93
2048 11748 32
1354 18439 80
1715 16543 4
197 1090 61
2683 12810 13
2317 18710 87
1972 8767 5
7
17595 18890 81
8062 11573 44
17013 19361 30
12195 13643 88
1863 12229 2
16222 17388 31
6387 11928 84
93
12677 15512 30
3911 8901 91
1332 18664 40
7638 19792 80
376 16400 26
17126 17467 28
17915 18676 94
10419 17526 79
2015 5664 3
11063 15646 49
7738 10689 55
4818 6245 4
7425 16506 90
5496 10663 99
5889 13631 48
6160 11568 1
4245 11692 40
3514 18860 16
15301 19745 97
2815 19535 12
13014 16062 30
2797 4646 66
7532 9854 62
961 15318 90
1326 8460 15
17262 19598 66
5214 9256 60
6534 16901 12
3084 10130 80
1989 9231 64
5846 18207 87
10564 13359 69
842 11573 7
17102 17603 15
7241 17960 22
7508 9702 46
3068 10001 31
8320 11795 81
2312 11705 49
4633 6817 27
19252 19766 64
1767 15211 83
4527 13836 51
8450 9174 61
5261 11030 1
14876 19710 10
3835 11128 73
13736 17465 92
8119 8287 50
221 8448 15
2103 14112 54
2713 19730 13
7711 7800 94
6838 18657 79
1464 8376 72
330 1549 98
12186 17325 9
1921 12539 59
8058 11950 41
7188 17637 94
7458 16588 90
3441 16541 56
8693 15839 86
8440 16075 81
1783 16401 12
6903 16124 47
5794 19534 32
13046 19039 77
2879 3579 53
5098 6450 13
5637 12186 15
3956 7490 31
894 14666 88
1210 15827 97
9893 17018 67
7528 9190 45
15158 19975 36
7906 18924 31
2856 19970 48
19085 19635 4
175 15796 43
4196 9331 89
669 10097 9
1295 5162 18
6501 14467 10
4505 17257 8
6701 17337 27
3810 13313 39
4698 16213 47
4392 16725 17
16381 19464 75
1901 19924 83
6067 13041 26
46
8137 11947 40
8115 14739 20
5286 16385 41
1262 7764 59
10738 14655 43
10331 18794 98
1117 8613 49
16170 18619 42
10159 12219 19
1370 5388 85
15416 17501 77
12963 17513 50
4656 17843 12
7490 11514 64
12238 14801 89
2965 9685 58
3451 8199 80
7803 13322 47
2436 10578 47
11367 14833 11
11308 14775 9
3619 12887 13
3234 5783 68
4134 16296 72
13299 17590 75
714 12817 31
8740 17864 47
2438 6705 32
316 9799 93
862 18578 55
13317 15706 16
2730 5978 18
14473 19964 9
173 12627 63
9608 14970 22
8177 16713 78
1432 8235 45
3097 10852 49
1010 12459 14
12480 12927 8
5765 13856 66
1146 15997 8
4005 10533 29
11832 13756 6
4860 14977 14
1541 16205 1
52
3437 3681 70
272 524 4
2460 13560 6
4827 14808 58
2018 18228 58
1655 9089 54
5468 12533 22
15253 16178 63
3661 16331 42
11154 11367 80
4955 19786 52
693 16552 26
12366 14686 73
5203 15092 76
6279 11231 23
10598 15046 66
590 5576 16
10107 16784 44
4976 8873 86
12561 17458 7
10474 13206 60
8709 11611 12
2513 11814 82
12484 15225 5
10488 14608 14
14768 16353 90
13007 14389 76
11480 14511 13
5552 19565 73
2283 9299 34
2022 11828 27
3188 10383 81
14021 14044 79
16 15237 22
4044 5335 37
6329 6804 92
3472 8235 73
2177 3006 75
5243 12716 47
224 1980 98
1879 8354 74
3161 5082 19
13780 17835 61
10285 17572 21
575 4106 90
3393 15600 100
5955 19085 81
2225 5446 15
4871 13948 96
2714 12419 12
1100 3806 87
1185 9119 25
2
3117 17588 85
1492 10562 35
75
7830 15389 16
1501 6767 60
1473 19682 31
18038 18283 66
1568 19104 26
7520 9834 77
608 2382 47
13056 14411 61
8607 14146 64
3270 5474 48
6324 16429 12
6199 14024 38
13773 18268 12
9178 10775 41
15371 18986 66
12211 13004 46
13048 14240 27
5893 19975 4
12963 16489 38
10899 18820 83
869 3260 4
15347 19788 38
15427 15949 99
10143 13004 62
7622 10412 12
6724 15534 7
5854 15273 98
7090 19029 74
7258 16399 87
909 7936 90
3319 13606 54
2444 19538 48
5175 10251 12
2965 9875 54
205 19887 11
89 13159 37
13854 15477 63
2402 3672 97
6269 15846 42
12430 15577 9
5605 16682 27
10103 18259 1
2986 9907 80
3898 5896 48
5098 15950 93
9583 15697 13
3473 8029 32
5885 18676 96
1276 9620 13
6184 17918 79
7089 18440 32
1435 2242 5
7404 10730 94
8205 15873 2
4018 15723 43
4999 13532 51
6464 13517 78
4462 13240 70
4201 16084 11
1168 17202 71
1586 7282 33
536 19467 61
413 6164 46
570 2253 87
4857 7506 39
2490 6336 28
3425 8118 54
2417 15397 52
5602 11667 29
4527 18714 39
11865 16420 82
18093 18170 75
11150 16477 90
6551 11479 49
1710 13683 24
35
2346 4904 19
3887 17240 84
17864 19311 37
10313 12826 47
12051 13446 45
5806 18422 43
8507 16383 100
14364 19900 37
240 8746 4
1932 8658 7
7127 19316 35
6474 10148 68
2310 9342 35
5472 16379 42
12659 14349 35
2372 8592 84
11434 14961 94
10312 13894 54
7795 19813 57
4293 11854 67
2828 14785 65
811 11674 94
5754 16944 32
5889 14927 72
1054 11873 1
3561 13613 88
9951 17576 73
8853 11507 55
10631 11677 11
3402 15059 36
2707 4655 25
8659 8875 16
7158 16930 96
3784 15827 57
13 5553 43
26
5756 8481 5
5031 16151 46
2124 9219 57
8789 10960 79
16546 19671 61
9016 10783 64
6991 12955 31
4869 8256 26
11027 17045 90
10375 18543 53
6246 15173 90
1660 15331 37
1814 5209 47
8772 19180 14
4802 5786 32
2755 6286 95
8015 13705 80
2939 19375 57
7509 9164 3
7568 16333 90
9174 19202 54
1963 14598 8
14115 14323 83
17360 18663 29
1071 15802 99
186 1151 17
67
767 13685 52
10541 12329 91
5812 16951 38
7897 19456 62
12367 17029 76
593 6285 100
11795 16596 70
8982 18429 57
1007 16027 55
9608 10425 70
3955 4561 11
5731 12701 38
10441 12811 94
14768 19731 71
3461 19901 100
8433 15906 82
13572 19648 6
10533 18002 28
8800 16935 96
1404 14453 5
254 18492 72
8378 12878 42
7479 7556 2
1696 12036 82
8012 19965 72
3026 16487 71
12642 13020 38
10989 18235 18
6129 15983 35
12763 18424 11
957 18171 8
10898 12334 97
15442 17291 45
2921 10152 13
1931 14775 29
2287 6754 23
8105 18771 54
6064 6799 38
11090 19524 9
1516 4037 27
7830 14305 8
15688 19584 74
584 4036 26
3040 16011 79
12246 17529 32
93 7165 73
9724 13952 67
2682 4893 41
7546 10214 44
19046 19291 76
8764 17894 8
1936 5111 29
1731 5017 10
3843 12145 20
2425 11912 2
5206 15544 80
10765 12691 26
2462 12349 82
16445 19054 64
6612 19198 33
12988 17152 21
5569 14181 21
10156 14191 80
237 5500 65
8811 9651 14
3102 19396 12
10294 16128 88
79
2608 6330 35
1906 15276 43
512 3791 32
5349 7764 36
17909 19302 38
2052 11563 62
5757 6102 76
3307 7034 34
25 4938 79
8697 17363 64
59 6849 13
6818 9041 95
10165 15365 36
909 8740 81
409 2096 82
12239 13802 78
10653 19907 45
1463 17322 84
1669 10626 59
1268 7275 37
16390 17733 90
5760 12026 80
1014 2039 66
4009 9189 46
8146 10554 24
9174 17140 18
2176 17433 16
4404 8315 84
3165 18357 55
8071 14553 25
4702 5713 96
15490 16216 58
2924 7810 79
1151 2591 58
9828 15154 92
1264 9321 19
11761 17242 90
9146 9320 93
6959 12159 70
169 19902 69
6751 11217 54
17114 18807 1
3708 13208 40
11074 17545 17
1190 7813 30
9174 18529 24
4899 16283 51
831 14352 3
13952 14190 51
3457 10320 91
12967 17558 13
5406 8567 95
3229 6070 14
5386 9012 70
4084 10429 55
4836 6483 16
3022 12893 2
2922 9560 90
3942 16931 16
13100 15559 80
3150 19397 77
1762 2728 84
1792 5603 70
7420 17796 36
2641 3803 77
1621 5128 76
2688 3579 3
2590 12348 53
8780 16926 53
15598 17526 52
7840 17179 75
7703 9013 34
3494 16113 5
4084 18955 30
4699 19185 67
273 13084 32
995 10418 8
6256 16122 92
5279 8767 93
75
5808 8387 62
3384 14247 80
9885 10867 81
2239 15775 25
3453 11173 57
3143 6580 73
1489 16894 39
8275 14554 72
254 2265 20
8743 9923 100
5135 6906 22
12451 18440 90
14295 19014 92
9961 19798 87
13662 14771 83
16933 17948 64
1196 15760 46
4269 13028 39
4263 13200 17
8851 16746 81
1653 16757 82
18790 19934 63
437 4927 68
6520 10503 39
6469 19149 59
7437 19006 28
8395 10658 47
9038 13813 89
4451 16158 10
8755 10810 22
4596 5454 5
7295 11999 49
148 8640 11
8135 13644 90
13624 18495 15
9359 18124 35
4438 4518 46
5851 7819 43
1939 11913 51
5756 12246 9
4193 16272 42
12432 17467 90
4357 8912 55
11557 17815 14
3655 7563 46
15020 17008 34
12526 17898 52
11229 11452 24
2718 4151 61
2678 7535 22
6101 6239 69
2451 16391 90
4513 10450 24
108 4279 13
9594 16291 31
8421 8827 9
15995 18385 32
13783 19578 52
9670 18351 6
6924 10363 13
13947 19843 91
8647 9029 64
16413 19584 68
12706 19460 64
628 15767 94
2914 16012 63
5068 8577 90
1422 19753 15
9486 14172 38
6632 17463 60
12852 15437 39
14193 19167 61
2438 18974 50
11844 13860 81
6854 17688 44
54
6543 19828 35
8055 18738 3
2162 9806 54
3319 12562 74
12492 18930 3
15942 19152 62
1204 17223 47
5552 9628 15
11241 13608 92
7917 10776 35
5615 7630 38
699 13112 58
9243 18124 21
494 11724 43
18448 19389 86
1910 16499 30
4500 8093 72
13047 17060 71
1947 2508 49
6519 17162 27
4417 13954 37
3222 13925 22
6956 18839 69
7127 13042 31
6681 16301 6
13002 17385 49
4721 17615 74
15858 17276 8
11805 13914 92
6586 10017 11
3428 13078 25
5758 10777 60
1629 9718 45
926 18124 72
11202 19934 24
3257 9269 18
8904 18790 5
420 8817 19
10024 17647 7
12575 18818 88
2936 9785 74
2079 16229 19
13624 18152 71
17022 19988 40
12772 13324 95
8395 14611 79
12030 15034 82
2120 16733 36
3392 14156 12
1382 4288 76
17575 19569 46
9098 11053 60
12771 18776 60
15919 19081 18
64
36 12688 57
9378 19119 3
9198 17467 76
2135 11156 88
4084 18831 10
12802 17909 41
451 2687 33
11781 12248 42
8942 9477 95
4240 6000 64
11508 14512 49
7020 8432 95
9980 12189 14
11611 19086 93
6158 6317 12
10691 11115 47
7441 14466 32
11184 17750 77
4514 10803 29
10922 12826 22
14366 18947 66
10071 18581 88
7488 19111 35
1723 10420 85
1612 19664 42
9212 9756 72
14491 16525 60
8168 11725 75
1153 10741 69
2810 19534 46
114 1973 31
6646 14485 58
10479 18048 37
5360 15176 62
409 15608 27
1380 10116 52
9492 12666 79
2835 19046 18
12159 17514 86
11270 15955 1
98 14654 31
11876 13401 57
2838 9352 54
14549 18648 27
1027 5058 2
1543 17487 5
5006 16728 20
2035 12756 98
16808 18842 83
16724 18154 18
7419 12412 99
7407 9674 65
9420 17252 63
2437 15631 18
4114 14967 19
3223 6796 81
8557 13649 75
6622 16240 20
8359 18796 84
15791 18393 21
8557 18964 20
4352 15046 43
5193 9920 44
7182 13098 42
